Build Timestamp (UTC)	Build	Job	Job URL	Build Trigger	Allow Job Failure	PR#	Branch	Commit	Commit Range	Commit Message	Sketch Filename	Board ID	IDE Version	Program Storage (bytes)	Dynamic Memory (bytes)	# Warnings	Allow Failure	Exit Status	# Board Issues	Board Issue	# Library Issues	Library Issue
2019-10-04 20:33:48	204	204.150	https://travis-ci.org/SpenceKonde/ATTinyCore/jobs/593667784	push	false	false	master	d4a3f963b275f18b33496ed78bb54f4b200efdd0	d18c34370528...d4a3f963b275	trailing whitespace	/home/travis/Arduino/hardware/ATTinyCore/avr/libraries/SoftwareSerial/examples/SoftwareSerialExample/SoftwareSerialExample.ino	ATTinyCore:avr:attiny1634:LTO=disable,clock=143external,eesave=aenable,bod=1v8,neopixelport=portb,millis=enabled,bodact=disabled,bodpd=disabled	1.6.7	3812	265	9	false	0	0		0	
2019-10-04 20:33:53	204	204.150	https://travis-ci.org/SpenceKonde/ATTinyCore/jobs/593667784	push	false	false	master	d4a3f963b275f18b33496ed78bb54f4b200efdd0	d18c34370528...d4a3f963b275	trailing whitespace	/home/travis/Arduino/hardware/ATTinyCore/avr/libraries/SoftwareSerial/examples/TwoPortReceive/TwoPortReceive.ino	ATTinyCore:avr:attiny1634:LTO=disable,clock=143external,eesave=aenable,bod=1v8,neopixelport=portb,millis=enabled,bodact=disabled,bodpd=disabled	1.6.7	3912	306	9	false	0	0		0	
2019-10-04 20:33:58	204	204.150	https://travis-ci.org/SpenceKonde/ATTinyCore/jobs/593667784	push	false	false	master	d4a3f963b275f18b33496ed78bb54f4b200efdd0	d18c34370528...d4a3f963b275	trailing whitespace	/home/travis/Arduino/hardware/ATTinyCore/avr/libraries/tinyNeoPixel/examples/strandtest/strandtest.ino	ATTinyCore:avr:attiny1634:LTO=disable,clock=143external,eesave=aenable,bod=1v8,neopixelport=portb,millis=enabled,bodact=disabled,bodpd=disabled	1.6.7	3820	39	0	false	0	0		0	
2019-10-04 20:34:03	204	204.150	https://travis-ci.org/SpenceKonde/ATTinyCore/jobs/593667784	push	false	false	master	d4a3f963b275f18b33496ed78bb54f4b200efdd0	d18c34370528...d4a3f963b275	trailing whitespace	/home/travis/Arduino/hardware/ATTinyCore/avr/libraries/tinyNeoPixel/examples/buttoncycler/buttoncycler.ino	ATTinyCore:avr:attiny1634:LTO=disable,clock=143external,eesave=aenable,bod=1v8,neopixelport=portb,millis=enabled,bodact=disabled,bodpd=disabled	1.6.7	2854	41	0	false	0	0		0	
2019-10-04 20:34:07	204	204.150	https://travis-ci.org/SpenceKonde/ATTinyCore/jobs/593667784	push	false	false	master	d4a3f963b275f18b33496ed78bb54f4b200efdd0	d18c34370528...d4a3f963b275	trailing whitespace	/home/travis/Arduino/hardware/ATTinyCore/avr/libraries/tinyNeoPixel/examples/RGBWstrandtest/RGBWstrandtest.ino	ATTinyCore:avr:attiny1634:LTO=disable,clock=143external,eesave=aenable,bod=1v8,neopixelport=portb,millis=enabled,bodact=disabled,bodpd=disabled	1.6.7	7024	410	6	false	0	0		0	
2019-10-04 20:34:12	204	204.150	https://travis-ci.org/SpenceKonde/ATTinyCore/jobs/593667784	push	false	false	master	d4a3f963b275f18b33496ed78bb54f4b200efdd0	d18c34370528...d4a3f963b275	trailing whitespace	/home/travis/Arduino/hardware/ATTinyCore/avr/libraries/tinyNeoPixel/examples/simple/simple.ino	ATTinyCore:avr:attiny1634:LTO=disable,clock=143external,eesave=aenable,bod=1v8,neopixelport=portb,millis=enabled,bodact=disabled,bodpd=disabled	1.6.7	2854	41	0	false	0	0		0	
2019-10-04 20:34:16	204	204.150	https://travis-ci.org/SpenceKonde/ATTinyCore/jobs/593667784	push	false	false	master	d4a3f963b275f18b33496ed78bb54f4b200efdd0	d18c34370528...d4a3f963b275	trailing whitespace	/home/travis/Arduino/hardware/ATTinyCore/avr/libraries/Servo/examples/Knob/Knob.ino	ATTinyCore:avr:attiny1634:LTO=disable,clock=143external,eesave=aenable,bod=1v8,neopixelport=portb,millis=enabled,bodact=disabled,bodpd=disabled	1.6.7	2944	59	1	false	0	0		0	
2019-10-04 20:34:21	204	204.150	https://travis-ci.org/SpenceKonde/ATTinyCore/jobs/593667784	push	false	false	master	d4a3f963b275f18b33496ed78bb54f4b200efdd0	d18c34370528...d4a3f963b275	trailing whitespace	/home/travis/Arduino/hardware/ATTinyCore/avr/libraries/Servo/examples/Sweep/Sweep.ino	ATTinyCore:avr:attiny1634:LTO=disable,clock=143external,eesave=aenable,bod=1v8,neopixelport=portb,millis=enabled,bodact=disabled,bodpd=disabled	1.6.7	2888	56	1	false	0	0		0	
2019-10-04 20:34:25	204	204.150	https://travis-ci.org/SpenceKonde/ATTinyCore/jobs/593667784	push	false	false	master	d4a3f963b275f18b33496ed78bb54f4b200efdd0	d18c34370528...d4a3f963b275	trailing whitespace	/home/travis/Arduino/hardware/ATTinyCore/avr/libraries/EEPROM/examples/eeprom_get/eeprom_get.ino	ATTinyCore:avr:attiny1634:LTO=disable,clock=143external,eesave=aenable,bod=1v8,neopixelport=portb,millis=enabled,bodact=disabled,bodpd=disabled	1.6.7	4110	192	0	false	0	0		0	
2019-10-04 20:34:30	204	204.150	https://travis-ci.org/SpenceKonde/ATTinyCore/jobs/593667784	push	false	false	master	d4a3f963b275f18b33496ed78bb54f4b200efdd0	d18c34370528...d4a3f963b275	trailing whitespace	/home/travis/Arduino/hardware/ATTinyCore/avr/libraries/EEPROM/examples/eeprom_crc/eeprom_crc.ino	ATTinyCore:avr:attiny1634:LTO=disable,clock=143external,eesave=aenable,bod=1v8,neopixelport=portb,millis=enabled,bodact=disabled,bodpd=disabled	1.6.7	2514	234	1	false	0	0		0	
2019-10-04 20:34:34	204	204.150	https://travis-ci.org/SpenceKonde/ATTinyCore/jobs/593667784	push	false	false	master	d4a3f963b275f18b33496ed78bb54f4b200efdd0	d18c34370528...d4a3f963b275	trailing whitespace	/home/travis/Arduino/hardware/ATTinyCore/avr/libraries/EEPROM/examples/eeprom_read/eeprom_read.ino	ATTinyCore:avr:attiny1634:LTO=disable,clock=143external,eesave=aenable,bod=1v8,neopixelport=portb,millis=enabled,bodact=disabled,bodpd=disabled	1.6.7	2476	125	1	false	0	0		0	
2019-10-04 20:34:39	204	204.150	https://travis-ci.org/SpenceKonde/ATTinyCore/jobs/593667784	push	false	false	master	d4a3f963b275f18b33496ed78bb54f4b200efdd0	d18c34370528...d4a3f963b275	trailing whitespace	/home/travis/Arduino/hardware/ATTinyCore/avr/libraries/EEPROM/examples/eeprom_clear/eeprom_clear.ino	ATTinyCore:avr:attiny1634:LTO=disable,clock=143external,eesave=aenable,bod=1v8,neopixelport=portb,millis=enabled,bodact=disabled,bodpd=disabled	1.6.7	872	9	1	false	0	0		0	
2019-10-04 20:34:43	204	204.150	https://travis-ci.org/SpenceKonde/ATTinyCore/jobs/593667784	push	false	false	master	d4a3f963b275f18b33496ed78bb54f4b200efdd0	d18c34370528...d4a3f963b275	trailing whitespace	/home/travis/Arduino/hardware/ATTinyCore/avr/libraries/EEPROM/examples/eeprom_write/eeprom_write.ino	ATTinyCore:avr:attiny1634:LTO=disable,clock=143external,eesave=aenable,bod=1v8,neopixelport=portb,millis=enabled,bodact=disabled,bodpd=disabled	1.6.7	784	12	1	false	0	0		0	
2019-10-04 20:34:47	204	204.150	https://travis-ci.org/SpenceKonde/ATTinyCore/jobs/593667784	push	false	false	master	d4a3f963b275f18b33496ed78bb54f4b200efdd0	d18c34370528...d4a3f963b275	trailing whitespace	/home/travis/Arduino/hardware/ATTinyCore/avr/libraries/EEPROM/examples/eeprom_iteration/eeprom_iteration.ino	ATTinyCore:avr:attiny1634:LTO=disable,clock=143external,eesave=aenable,bod=1v8,neopixelport=portb,millis=enabled,bodact=disabled,bodpd=disabled	1.6.7	620	9	3	false	0	0		0	
2019-10-04 20:34:52	204	204.150	https://travis-ci.org/SpenceKonde/ATTinyCore/jobs/593667784	push	false	false	master	d4a3f963b275f18b33496ed78bb54f4b200efdd0	d18c34370528...d4a3f963b275	trailing whitespace	/home/travis/Arduino/hardware/ATTinyCore/avr/libraries/EEPROM/examples/eeprom_update/eeprom_update.ino	ATTinyCore:avr:attiny1634:LTO=disable,clock=143external,eesave=aenable,bod=1v8,neopixelport=portb,millis=enabled,bodact=disabled,bodpd=disabled	1.6.7	834	12	1	false	0	0		0	
2019-10-04 20:34:56	204	204.150	https://travis-ci.org/SpenceKonde/ATTinyCore/jobs/593667784	push	false	false	master	d4a3f963b275f18b33496ed78bb54f4b200efdd0	d18c34370528...d4a3f963b275	trailing whitespace	/home/travis/Arduino/hardware/ATTinyCore/avr/libraries/EEPROM/examples/eeprom_put/eeprom_put.ino	ATTinyCore:avr:attiny1634:LTO=disable,clock=143external,eesave=aenable,bod=1v8,neopixelport=portb,millis=enabled,bodact=disabled,bodpd=disabled	1.6.7	2174	264	0	false	0	0		0	
2019-10-04 20:35:01	204	204.150	https://travis-ci.org/SpenceKonde/ATTinyCore/jobs/593667784	push	false	false	master	d4a3f963b275f18b33496ed78bb54f4b200efdd0	d18c34370528...d4a3f963b275	trailing whitespace	/home/travis/Arduino/hardware/ATTinyCore/avr/libraries/ATTinyCore/examples/TemperatureRead/TemperatureRead.ino	ATTinyCore:avr:attiny1634:LTO=disable,clock=143external,eesave=aenable,bod=1v8,neopixelport=portb,millis=enabled,bodact=disabled,bodpd=disabled	1.6.7	2442	127	0	false	0	0		0	
2019-10-04 20:35:05	204	204.150	https://travis-ci.org/SpenceKonde/ATTinyCore/jobs/593667784	push	false	false	master	d4a3f963b275f18b33496ed78bb54f4b200efdd0	d18c34370528...d4a3f963b275	trailing whitespace	/home/travis/Arduino/hardware/ATTinyCore/avr/libraries/tinyNeoPixel_Static/examples/strandtest/strandtest.ino	ATTinyCore:avr:attiny1634:LTO=disable,clock=143external,eesave=aenable,bod=1v8,neopixelport=portb,millis=enabled,bodact=disabled,bodpd=disabled	1.6.7	2810	208	5	false	0	0		0	
2019-10-04 20:35:10	204	204.150	https://travis-ci.org/SpenceKonde/ATTinyCore/jobs/593667784	push	false	false	master	d4a3f963b275f18b33496ed78bb54f4b200efdd0	d18c34370528...d4a3f963b275	trailing whitespace	/home/travis/Arduino/hardware/ATTinyCore/avr/libraries/tinyNeoPixel_Static/examples/buttoncycler/buttoncycler.ino	ATTinyCore:avr:attiny1634:LTO=disable,clock=143external,eesave=aenable,bod=1v8,neopixelport=portb,millis=enabled,bodact=disabled,bodpd=disabled	1.6.7	3076	80	5	false	0	0		0	
2019-10-04 20:35:14	204	204.150	https://travis-ci.org/SpenceKonde/ATTinyCore/jobs/593667784	push	false	false	master	d4a3f963b275f18b33496ed78bb54f4b200efdd0	d18c34370528...d4a3f963b275	trailing whitespace	/home/travis/Arduino/hardware/ATTinyCore/avr/libraries/tinyNeoPixel_Static/examples/simple/simple.ino	ATTinyCore:avr:attiny1634:LTO=disable,clock=143external,eesave=aenable,bod=1v8,neopixelport=portb,millis=enabled,bodact=disabled,bodpd=disabled	1.6.7	1876	78	1	false	0	0		0	
2019-10-04 20:35:19	204	204.150	https://travis-ci.org/SpenceKonde/ATTinyCore/jobs/593667784	push	false	false	master	d4a3f963b275f18b33496ed78bb54f4b200efdd0	d18c34370528...d4a3f963b275	trailing whitespace	/home/travis/Arduino/hardware/ATTinyCore/avr/libraries/SPI/examples/BarometricPressureSensor/BarometricPressureSensor.ino	ATTinyCore:avr:attiny1634:LTO=disable,clock=143external,eesave=aenable,bod=1v8,neopixelport=portb,millis=enabled,bodact=disabled,bodpd=disabled	1.6.7	7142	175	1	false	0	0		0	
2019-10-04 20:35:24	204	204.150	https://travis-ci.org/SpenceKonde/ATTinyCore/jobs/593667784	push	false	false	master	d4a3f963b275f18b33496ed78bb54f4b200efdd0	d18c34370528...d4a3f963b275	trailing whitespace	/home/travis/Arduino/hardware/ATTinyCore/avr/libraries/SPI/examples/DigitalPotControl/DigitalPotControl.ino	ATTinyCore:avr:attiny1634:LTO=disable,clock=143external,eesave=aenable,bod=1v8,neopixelport=portb,millis=enabled,bodact=disabled,bodpd=disabled	1.6.7	1508	14	0	false	0	0		0	
2019-10-04 20:35:28	204	204.150	https://travis-ci.org/SpenceKonde/ATTinyCore/jobs/593667784	push	false	false	master	d4a3f963b275f18b33496ed78bb54f4b200efdd0	d18c34370528...d4a3f963b275	trailing whitespace	/home/travis/Arduino/hardware/ATTinyCore/avr/libraries/Wire/examples/SFRRanger_reader/SFRRanger_reader.ino	ATTinyCore:avr:attiny1634:LTO=disable,clock=143external,eesave=aenable,bod=1v8,neopixelport=portb,millis=enabled,bodact=disabled,bodpd=disabled	1.6.7	3978	171	0	false	0	0		0	
2019-10-04 20:35:33	204	204.150	https://travis-ci.org/SpenceKonde/ATTinyCore/jobs/593667784	push	false	false	master	d4a3f963b275f18b33496ed78bb54f4b200efdd0	d18c34370528...d4a3f963b275	trailing whitespace	/home/travis/Arduino/hardware/ATTinyCore/avr/libraries/Wire/examples/master_writer/master_writer.ino	ATTinyCore:avr:attiny1634:LTO=disable,clock=143external,eesave=aenable,bod=1v8,neopixelport=portb,millis=enabled,bodact=disabled,bodpd=disabled	1.6.7	1956	65	0	false	0	0		0	
2019-10-04 20:35:38	204	204.150	https://travis-ci.org/SpenceKonde/ATTinyCore/jobs/593667784	push	false	false	master	d4a3f963b275f18b33496ed78bb54f4b200efdd0	d18c34370528...d4a3f963b275	trailing whitespace	/home/travis/Arduino/hardware/ATTinyCore/avr/libraries/Wire/examples/digital_potentiometer/digital_potentiometer.ino	ATTinyCore:avr:attiny1634:LTO=disable,clock=143external,eesave=aenable,bod=1v8,neopixelport=portb,millis=enabled,bodact=disabled,bodpd=disabled	1.6.7	1854	59	0	false	0	0		0	
2019-10-04 20:35:42	204	204.150	https://travis-ci.org/SpenceKonde/ATTinyCore/jobs/593667784	push	false	false	master	d4a3f963b275f18b33496ed78bb54f4b200efdd0	d18c34370528...d4a3f963b275	trailing whitespace	/home/travis/Arduino/hardware/ATTinyCore/avr/libraries/Wire/examples/slave_receiver/slave_receiver.ino	ATTinyCore:avr:attiny1634:LTO=disable,clock=143external,eesave=aenable,bod=1v8,neopixelport=portb,millis=enabled,bodact=disabled,bodpd=disabled	1.6.7	3156	167	1	false	0	0		0	
2019-10-04 20:35:47	204	204.150	https://travis-ci.org/SpenceKonde/ATTinyCore/jobs/593667784	push	false	false	master	d4a3f963b275f18b33496ed78bb54f4b200efdd0	d18c34370528...d4a3f963b275	trailing whitespace	/home/travis/Arduino/hardware/ATTinyCore/avr/libraries/Wire/examples/master_reader/master_reader.ino	ATTinyCore:avr:attiny1634:LTO=disable,clock=143external,eesave=aenable,bod=1v8,neopixelport=portb,millis=enabled,bodact=disabled,bodpd=disabled	1.6.7	3356	169	0	false	0	0		0	
2019-10-04 20:35:52	204	204.150	https://travis-ci.org/SpenceKonde/ATTinyCore/jobs/593667784	push	false	false	master	d4a3f963b275f18b33496ed78bb54f4b200efdd0	d18c34370528...d4a3f963b275	trailing whitespace	/home/travis/Arduino/hardware/ATTinyCore/avr/libraries/Wire/examples/slave_sender/slave_sender.ino	ATTinyCore:avr:attiny1634:LTO=disable,clock=143external,eesave=aenable,bod=1v8,neopixelport=portb,millis=enabled,bodact=disabled,bodpd=disabled	1.6.7	1580	65	0	false	0	0		0	
2019-10-04 20:35:56	204	204.150	https://travis-ci.org/SpenceKonde/ATTinyCore/jobs/593667784	push	false	false	master	d4a3f963b275f18b33496ed78bb54f4b200efdd0	d18c34370528...d4a3f963b275	trailing whitespace	/home/travis/Arduino/hardware/ATTinyCore/avr/libraries/Servo_ATTinyCore/examples/Knob/Knob.ino	ATTinyCore:avr:attiny1634:LTO=disable,clock=143external,eesave=aenable,bod=1v8,neopixelport=portb,millis=enabled,bodact=disabled,bodpd=disabled	1.6.7	2944	59	1	false	0	0		0	
2019-10-04 20:36:01	204	204.150	https://travis-ci.org/SpenceKonde/ATTinyCore/jobs/593667784	push	false	false	master	d4a3f963b275f18b33496ed78bb54f4b200efdd0	d18c34370528...d4a3f963b275	trailing whitespace	/home/travis/Arduino/hardware/ATTinyCore/avr/libraries/Servo_ATTinyCore/examples/Sweep/Sweep.ino	ATTinyCore:avr:attiny1634:LTO=disable,clock=143external,eesave=aenable,bod=1v8,neopixelport=portb,millis=enabled,bodact=disabled,bodpd=disabled	1.6.7	2888	56	1	false	0	0		0	
2019-10-04 20:36:08	204	204.150	https://travis-ci.org/SpenceKonde/ATTinyCore/jobs/593667784	push	false	false	master	d4a3f963b275f18b33496ed78bb54f4b200efdd0	d18c34370528...d4a3f963b275	trailing whitespace	/home/travis/Arduino/hardware/ATTinyCore/avr/libraries/SoftwareSerial/examples/SoftwareSerialExample/SoftwareSerialExample.ino	ATTinyCore:avr:attiny1634:LTO=disable,clock=143external,eesave=aenable,bod=1v8,neopixelport=portb,millis=enabled,bodact=disabled,bodpd=disabled	1.6.9	3812	265	9	false	0	0		0	
2019-10-04 20:36:14	204	204.150	https://travis-ci.org/SpenceKonde/ATTinyCore/jobs/593667784	push	false	false	master	d4a3f963b275f18b33496ed78bb54f4b200efdd0	d18c34370528...d4a3f963b275	trailing whitespace	/home/travis/Arduino/hardware/ATTinyCore/avr/libraries/SoftwareSerial/examples/TwoPortReceive/TwoPortReceive.ino	ATTinyCore:avr:attiny1634:LTO=disable,clock=143external,eesave=aenable,bod=1v8,neopixelport=portb,millis=enabled,bodact=disabled,bodpd=disabled	1.6.9	3912	306	9	false	0	0		0	
2019-10-04 20:36:19	204	204.150	https://travis-ci.org/SpenceKonde/ATTinyCore/jobs/593667784	push	false	false	master	d4a3f963b275f18b33496ed78bb54f4b200efdd0	d18c34370528...d4a3f963b275	trailing whitespace	/home/travis/Arduino/hardware/ATTinyCore/avr/libraries/tinyNeoPixel/examples/strandtest/strandtest.ino	ATTinyCore:avr:attiny1634:LTO=disable,clock=143external,eesave=aenable,bod=1v8,neopixelport=portb,millis=enabled,bodact=disabled,bodpd=disabled	1.6.9	3820	39	0	false	0	0		0	
2019-10-04 20:36:24	204	204.150	https://travis-ci.org/SpenceKonde/ATTinyCore/jobs/593667784	push	false	false	master	d4a3f963b275f18b33496ed78bb54f4b200efdd0	d18c34370528...d4a3f963b275	trailing whitespace	/home/travis/Arduino/hardware/ATTinyCore/avr/libraries/tinyNeoPixel/examples/buttoncycler/buttoncycler.ino	ATTinyCore:avr:attiny1634:LTO=disable,clock=143external,eesave=aenable,bod=1v8,neopixelport=portb,millis=enabled,bodact=disabled,bodpd=disabled	1.6.9	2854	41	0	false	0	0		0	
2019-10-04 20:36:29	204	204.150	https://travis-ci.org/SpenceKonde/ATTinyCore/jobs/593667784	push	false	false	master	d4a3f963b275f18b33496ed78bb54f4b200efdd0	d18c34370528...d4a3f963b275	trailing whitespace	/home/travis/Arduino/hardware/ATTinyCore/avr/libraries/tinyNeoPixel/examples/RGBWstrandtest/RGBWstrandtest.ino	ATTinyCore:avr:attiny1634:LTO=disable,clock=143external,eesave=aenable,bod=1v8,neopixelport=portb,millis=enabled,bodact=disabled,bodpd=disabled	1.6.9	7024	410	6	false	0	0		0	
2019-10-04 20:36:34	204	204.150	https://travis-ci.org/SpenceKonde/ATTinyCore/jobs/593667784	push	false	false	master	d4a3f963b275f18b33496ed78bb54f4b200efdd0	d18c34370528...d4a3f963b275	trailing whitespace	/home/travis/Arduino/hardware/ATTinyCore/avr/libraries/tinyNeoPixel/examples/simple/simple.ino	ATTinyCore:avr:attiny1634:LTO=disable,clock=143external,eesave=aenable,bod=1v8,neopixelport=portb,millis=enabled,bodact=disabled,bodpd=disabled	1.6.9	2854	41	0	false	0	0		0	
2019-10-04 20:36:39	204	204.150	https://travis-ci.org/SpenceKonde/ATTinyCore/jobs/593667784	push	false	false	master	d4a3f963b275f18b33496ed78bb54f4b200efdd0	d18c34370528...d4a3f963b275	trailing whitespace	/home/travis/Arduino/hardware/ATTinyCore/avr/libraries/Servo/examples/Knob/Knob.ino	ATTinyCore:avr:attiny1634:LTO=disable,clock=143external,eesave=aenable,bod=1v8,neopixelport=portb,millis=enabled,bodact=disabled,bodpd=disabled	1.6.9	2944	59	1	false	0	0		0	
2019-10-04 20:36:44	204	204.150	https://travis-ci.org/SpenceKonde/ATTinyCore/jobs/593667784	push	false	false	master	d4a3f963b275f18b33496ed78bb54f4b200efdd0	d18c34370528...d4a3f963b275	trailing whitespace	/home/travis/Arduino/hardware/ATTinyCore/avr/libraries/Servo/examples/Sweep/Sweep.ino	ATTinyCore:avr:attiny1634:LTO=disable,clock=143external,eesave=aenable,bod=1v8,neopixelport=portb,millis=enabled,bodact=disabled,bodpd=disabled	1.6.9	2888	56	1	false	0	0		0	
2019-10-04 20:36:49	204	204.150	https://travis-ci.org/SpenceKonde/ATTinyCore/jobs/593667784	push	false	false	master	d4a3f963b275f18b33496ed78bb54f4b200efdd0	d18c34370528...d4a3f963b275	trailing whitespace	/home/travis/Arduino/hardware/ATTinyCore/avr/libraries/EEPROM/examples/eeprom_get/eeprom_get.ino	ATTinyCore:avr:attiny1634:LTO=disable,clock=143external,eesave=aenable,bod=1v8,neopixelport=portb,millis=enabled,bodact=disabled,bodpd=disabled	1.6.9	4110	192	0	false	0	0		0	
2019-10-04 20:36:53	204	204.150	https://travis-ci.org/SpenceKonde/ATTinyCore/jobs/593667784	push	false	false	master	d4a3f963b275f18b33496ed78bb54f4b200efdd0	d18c34370528...d4a3f963b275	trailing whitespace	/home/travis/Arduino/hardware/ATTinyCore/avr/libraries/EEPROM/examples/eeprom_crc/eeprom_crc.ino	ATTinyCore:avr:attiny1634:LTO=disable,clock=143external,eesave=aenable,bod=1v8,neopixelport=portb,millis=enabled,bodact=disabled,bodpd=disabled	1.6.9	2514	234	1	false	0	0		0	
2019-10-04 20:36:58	204	204.150	https://travis-ci.org/SpenceKonde/ATTinyCore/jobs/593667784	push	false	false	master	d4a3f963b275f18b33496ed78bb54f4b200efdd0	d18c34370528...d4a3f963b275	trailing whitespace	/home/travis/Arduino/hardware/ATTinyCore/avr/libraries/EEPROM/examples/eeprom_read/eeprom_read.ino	ATTinyCore:avr:attiny1634:LTO=disable,clock=143external,eesave=aenable,bod=1v8,neopixelport=portb,millis=enabled,bodact=disabled,bodpd=disabled	1.6.9	2476	125	1	false	0	0		0	
2019-10-04 20:37:03	204	204.150	https://travis-ci.org/SpenceKonde/ATTinyCore/jobs/593667784	push	false	false	master	d4a3f963b275f18b33496ed78bb54f4b200efdd0	d18c34370528...d4a3f963b275	trailing whitespace	/home/travis/Arduino/hardware/ATTinyCore/avr/libraries/EEPROM/examples/eeprom_clear/eeprom_clear.ino	ATTinyCore:avr:attiny1634:LTO=disable,clock=143external,eesave=aenable,bod=1v8,neopixelport=portb,millis=enabled,bodact=disabled,bodpd=disabled	1.6.9	872	9	1	false	0	0		0	
2019-10-04 20:37:08	204	204.150	https://travis-ci.org/SpenceKonde/ATTinyCore/jobs/593667784	push	false	false	master	d4a3f963b275f18b33496ed78bb54f4b200efdd0	d18c34370528...d4a3f963b275	trailing whitespace	/home/travis/Arduino/hardware/ATTinyCore/avr/libraries/EEPROM/examples/eeprom_write/eeprom_write.ino	ATTinyCore:avr:attiny1634:LTO=disable,clock=143external,eesave=aenable,bod=1v8,neopixelport=portb,millis=enabled,bodact=disabled,bodpd=disabled	1.6.9	784	12	1	false	0	0		0	
2019-10-04 20:37:13	204	204.150	https://travis-ci.org/SpenceKonde/ATTinyCore/jobs/593667784	push	false	false	master	d4a3f963b275f18b33496ed78bb54f4b200efdd0	d18c34370528...d4a3f963b275	trailing whitespace	/home/travis/Arduino/hardware/ATTinyCore/avr/libraries/EEPROM/examples/eeprom_iteration/eeprom_iteration.ino	ATTinyCore:avr:attiny1634:LTO=disable,clock=143external,eesave=aenable,bod=1v8,neopixelport=portb,millis=enabled,bodact=disabled,bodpd=disabled	1.6.9	620	9	3	false	0	0		0	
2019-10-04 20:37:18	204	204.150	https://travis-ci.org/SpenceKonde/ATTinyCore/jobs/593667784	push	false	false	master	d4a3f963b275f18b33496ed78bb54f4b200efdd0	d18c34370528...d4a3f963b275	trailing whitespace	/home/travis/Arduino/hardware/ATTinyCore/avr/libraries/EEPROM/examples/eeprom_update/eeprom_update.ino	ATTinyCore:avr:attiny1634:LTO=disable,clock=143external,eesave=aenable,bod=1v8,neopixelport=portb,millis=enabled,bodact=disabled,bodpd=disabled	1.6.9	834	12	1	false	0	0		0	
2019-10-04 20:37:23	204	204.150	https://travis-ci.org/SpenceKonde/ATTinyCore/jobs/593667784	push	false	false	master	d4a3f963b275f18b33496ed78bb54f4b200efdd0	d18c34370528...d4a3f963b275	trailing whitespace	/home/travis/Arduino/hardware/ATTinyCore/avr/libraries/EEPROM/examples/eeprom_put/eeprom_put.ino	ATTinyCore:avr:attiny1634:LTO=disable,clock=143external,eesave=aenable,bod=1v8,neopixelport=portb,millis=enabled,bodact=disabled,bodpd=disabled	1.6.9	2174	264	0	false	0	0		0	
2019-10-04 20:37:27	204	204.150	https://travis-ci.org/SpenceKonde/ATTinyCore/jobs/593667784	push	false	false	master	d4a3f963b275f18b33496ed78bb54f4b200efdd0	d18c34370528...d4a3f963b275	trailing whitespace	/home/travis/Arduino/hardware/ATTinyCore/avr/libraries/ATTinyCore/examples/TemperatureRead/TemperatureRead.ino	ATTinyCore:avr:attiny1634:LTO=disable,clock=143external,eesave=aenable,bod=1v8,neopixelport=portb,millis=enabled,bodact=disabled,bodpd=disabled	1.6.9	2442	127	0	false	0	0		0	
2019-10-04 20:37:32	204	204.150	https://travis-ci.org/SpenceKonde/ATTinyCore/jobs/593667784	push	false	false	master	d4a3f963b275f18b33496ed78bb54f4b200efdd0	d18c34370528...d4a3f963b275	trailing whitespace	/home/travis/Arduino/hardware/ATTinyCore/avr/libraries/tinyNeoPixel_Static/examples/strandtest/strandtest.ino	ATTinyCore:avr:attiny1634:LTO=disable,clock=143external,eesave=aenable,bod=1v8,neopixelport=portb,millis=enabled,bodact=disabled,bodpd=disabled	1.6.9	2810	208	5	false	0	0		0	
2019-10-04 20:37:37	204	204.150	https://travis-ci.org/SpenceKonde/ATTinyCore/jobs/593667784	push	false	false	master	d4a3f963b275f18b33496ed78bb54f4b200efdd0	d18c34370528...d4a3f963b275	trailing whitespace	/home/travis/Arduino/hardware/ATTinyCore/avr/libraries/tinyNeoPixel_Static/examples/buttoncycler/buttoncycler.ino	ATTinyCore:avr:attiny1634:LTO=disable,clock=143external,eesave=aenable,bod=1v8,neopixelport=portb,millis=enabled,bodact=disabled,bodpd=disabled	1.6.9	3076	80	5	false	0	0		0	
2019-10-04 20:37:42	204	204.150	https://travis-ci.org/SpenceKonde/ATTinyCore/jobs/593667784	push	false	false	master	d4a3f963b275f18b33496ed78bb54f4b200efdd0	d18c34370528...d4a3f963b275	trailing whitespace	/home/travis/Arduino/hardware/ATTinyCore/avr/libraries/tinyNeoPixel_Static/examples/simple/simple.ino	ATTinyCore:avr:attiny1634:LTO=disable,clock=143external,eesave=aenable,bod=1v8,neopixelport=portb,millis=enabled,bodact=disabled,bodpd=disabled	1.6.9	1876	78	1	false	0	0		0	
2019-10-04 20:37:47	204	204.150	https://travis-ci.org/SpenceKonde/ATTinyCore/jobs/593667784	push	false	false	master	d4a3f963b275f18b33496ed78bb54f4b200efdd0	d18c34370528...d4a3f963b275	trailing whitespace	/home/travis/Arduino/hardware/ATTinyCore/avr/libraries/SPI/examples/BarometricPressureSensor/BarometricPressureSensor.ino	ATTinyCore:avr:attiny1634:LTO=disable,clock=143external,eesave=aenable,bod=1v8,neopixelport=portb,millis=enabled,bodact=disabled,bodpd=disabled	1.6.9	7142	175	1	false	0	0		0	
2019-10-04 20:37:52	204	204.150	https://travis-ci.org/SpenceKonde/ATTinyCore/jobs/593667784	push	false	false	master	d4a3f963b275f18b33496ed78bb54f4b200efdd0	d18c34370528...d4a3f963b275	trailing whitespace	/home/travis/Arduino/hardware/ATTinyCore/avr/libraries/SPI/examples/DigitalPotControl/DigitalPotControl.ino	ATTinyCore:avr:attiny1634:LTO=disable,clock=143external,eesave=aenable,bod=1v8,neopixelport=portb,millis=enabled,bodact=disabled,bodpd=disabled	1.6.9	1508	14	0	false	0	0		0	
2019-10-04 20:37:57	204	204.150	https://travis-ci.org/SpenceKonde/ATTinyCore/jobs/593667784	push	false	false	master	d4a3f963b275f18b33496ed78bb54f4b200efdd0	d18c34370528...d4a3f963b275	trailing whitespace	/home/travis/Arduino/hardware/ATTinyCore/avr/libraries/Wire/examples/SFRRanger_reader/SFRRanger_reader.ino	ATTinyCore:avr:attiny1634:LTO=disable,clock=143external,eesave=aenable,bod=1v8,neopixelport=portb,millis=enabled,bodact=disabled,bodpd=disabled	1.6.9	3978	171	0	false	0	0		0	
2019-10-04 20:38:03	204	204.150	https://travis-ci.org/SpenceKonde/ATTinyCore/jobs/593667784	push	false	false	master	d4a3f963b275f18b33496ed78bb54f4b200efdd0	d18c34370528...d4a3f963b275	trailing whitespace	/home/travis/Arduino/hardware/ATTinyCore/avr/libraries/Wire/examples/master_writer/master_writer.ino	ATTinyCore:avr:attiny1634:LTO=disable,clock=143external,eesave=aenable,bod=1v8,neopixelport=portb,millis=enabled,bodact=disabled,bodpd=disabled	1.6.9	1956	65	0	false	0	0		0	
2019-10-04 20:38:08	204	204.150	https://travis-ci.org/SpenceKonde/ATTinyCore/jobs/593667784	push	false	false	master	d4a3f963b275f18b33496ed78bb54f4b200efdd0	d18c34370528...d4a3f963b275	trailing whitespace	/home/travis/Arduino/hardware/ATTinyCore/avr/libraries/Wire/examples/digital_potentiometer/digital_potentiometer.ino	ATTinyCore:avr:attiny1634:LTO=disable,clock=143external,eesave=aenable,bod=1v8,neopixelport=portb,millis=enabled,bodact=disabled,bodpd=disabled	1.6.9	1854	59	0	false	0	0		0	
2019-10-04 20:38:13	204	204.150	https://travis-ci.org/SpenceKonde/ATTinyCore/jobs/593667784	push	false	false	master	d4a3f963b275f18b33496ed78bb54f4b200efdd0	d18c34370528...d4a3f963b275	trailing whitespace	/home/travis/Arduino/hardware/ATTinyCore/avr/libraries/Wire/examples/slave_receiver/slave_receiver.ino	ATTinyCore:avr:attiny1634:LTO=disable,clock=143external,eesave=aenable,bod=1v8,neopixelport=portb,millis=enabled,bodact=disabled,bodpd=disabled	1.6.9	3156	167	1	false	0	0		0	
2019-10-04 20:38:18	204	204.150	https://travis-ci.org/SpenceKonde/ATTinyCore/jobs/593667784	push	false	false	master	d4a3f963b275f18b33496ed78bb54f4b200efdd0	d18c34370528...d4a3f963b275	trailing whitespace	/home/travis/Arduino/hardware/ATTinyCore/avr/libraries/Wire/examples/master_reader/master_reader.ino	ATTinyCore:avr:attiny1634:LTO=disable,clock=143external,eesave=aenable,bod=1v8,neopixelport=portb,millis=enabled,bodact=disabled,bodpd=disabled	1.6.9	3356	169	0	false	0	0		0	
2019-10-04 20:38:23	204	204.150	https://travis-ci.org/SpenceKonde/ATTinyCore/jobs/593667784	push	false	false	master	d4a3f963b275f18b33496ed78bb54f4b200efdd0	d18c34370528...d4a3f963b275	trailing whitespace	/home/travis/Arduino/hardware/ATTinyCore/avr/libraries/Wire/examples/slave_sender/slave_sender.ino	ATTinyCore:avr:attiny1634:LTO=disable,clock=143external,eesave=aenable,bod=1v8,neopixelport=portb,millis=enabled,bodact=disabled,bodpd=disabled	1.6.9	1580	65	0	false	0	0		0	
2019-10-04 20:38:28	204	204.150	https://travis-ci.org/SpenceKonde/ATTinyCore/jobs/593667784	push	false	false	master	d4a3f963b275f18b33496ed78bb54f4b200efdd0	d18c34370528...d4a3f963b275	trailing whitespace	/home/travis/Arduino/hardware/ATTinyCore/avr/libraries/Servo_ATTinyCore/examples/Knob/Knob.ino	ATTinyCore:avr:attiny1634:LTO=disable,clock=143external,eesave=aenable,bod=1v8,neopixelport=portb,millis=enabled,bodact=disabled,bodpd=disabled	1.6.9	2944	59	1	false	0	0		0	
2019-10-04 20:38:33	204	204.150	https://travis-ci.org/SpenceKonde/ATTinyCore/jobs/593667784	push	false	false	master	d4a3f963b275f18b33496ed78bb54f4b200efdd0	d18c34370528...d4a3f963b275	trailing whitespace	/home/travis/Arduino/hardware/ATTinyCore/avr/libraries/Servo_ATTinyCore/examples/Sweep/Sweep.ino	ATTinyCore:avr:attiny1634:LTO=disable,clock=143external,eesave=aenable,bod=1v8,neopixelport=portb,millis=enabled,bodact=disabled,bodpd=disabled	1.6.9	2888	56	1	false	0	0		0	
2019-10-04 20:38:41	204	204.150	https://travis-ci.org/SpenceKonde/ATTinyCore/jobs/593667784	push	false	false	master	d4a3f963b275f18b33496ed78bb54f4b200efdd0	d18c34370528...d4a3f963b275	trailing whitespace	/home/travis/Arduino/hardware/ATTinyCore/avr/libraries/SoftwareSerial/examples/SoftwareSerialExample/SoftwareSerialExample.ino	ATTinyCore:avr:attiny1634:LTO=disable,clock=143external,eesave=aenable,bod=1v8,neopixelport=portb,millis=enabled,bodact=disabled,bodpd=disabled	1.6.13	3710	265	9	false	0	0		0	
2019-10-04 20:38:46	204	204.150	https://travis-ci.org/SpenceKonde/ATTinyCore/jobs/593667784	push	false	false	master	d4a3f963b275f18b33496ed78bb54f4b200efdd0	d18c34370528...d4a3f963b275	trailing whitespace	/home/travis/Arduino/hardware/ATTinyCore/avr/libraries/SoftwareSerial/examples/TwoPortReceive/TwoPortReceive.ino	ATTinyCore:avr:attiny1634:LTO=disable,clock=143external,eesave=aenable,bod=1v8,neopixelport=portb,millis=enabled,bodact=disabled,bodpd=disabled	1.6.13	3796	306	9	false	0	0		0	
2019-10-04 20:38:51	204	204.150	https://travis-ci.org/SpenceKonde/ATTinyCore/jobs/593667784	push	false	false	master	d4a3f963b275f18b33496ed78bb54f4b200efdd0	d18c34370528...d4a3f963b275	trailing whitespace	/home/travis/Arduino/hardware/ATTinyCore/avr/libraries/tinyNeoPixel/examples/strandtest/strandtest.ino	ATTinyCore:avr:attiny1634:LTO=disable,clock=143external,eesave=aenable,bod=1v8,neopixelport=portb,millis=enabled,bodact=disabled,bodpd=disabled	1.6.13	3828	39	0	false	0	0		0	
2019-10-04 20:38:56	204	204.150	https://travis-ci.org/SpenceKonde/ATTinyCore/jobs/593667784	push	false	false	master	d4a3f963b275f18b33496ed78bb54f4b200efdd0	d18c34370528...d4a3f963b275	trailing whitespace	/home/travis/Arduino/hardware/ATTinyCore/avr/libraries/tinyNeoPixel/examples/buttoncycler/buttoncycler.ino	ATTinyCore:avr:attiny1634:LTO=disable,clock=143external,eesave=aenable,bod=1v8,neopixelport=portb,millis=enabled,bodact=disabled,bodpd=disabled	1.6.13	2862	41	0	false	0	0		0	
2019-10-04 20:39:01	204	204.150	https://travis-ci.org/SpenceKonde/ATTinyCore/jobs/593667784	push	false	false	master	d4a3f963b275f18b33496ed78bb54f4b200efdd0	d18c34370528...d4a3f963b275	trailing whitespace	/home/travis/Arduino/hardware/ATTinyCore/avr/libraries/tinyNeoPixel/examples/RGBWstrandtest/RGBWstrandtest.ino	ATTinyCore:avr:attiny1634:LTO=disable,clock=143external,eesave=aenable,bod=1v8,neopixelport=portb,millis=enabled,bodact=disabled,bodpd=disabled	1.6.13	7008	410	6	false	0	0		0	
2019-10-04 20:39:06	204	204.150	https://travis-ci.org/SpenceKonde/ATTinyCore/jobs/593667784	push	false	false	master	d4a3f963b275f18b33496ed78bb54f4b200efdd0	d18c34370528...d4a3f963b275	trailing whitespace	/home/travis/Arduino/hardware/ATTinyCore/avr/libraries/tinyNeoPixel/examples/simple/simple.ino	ATTinyCore:avr:attiny1634:LTO=disable,clock=143external,eesave=aenable,bod=1v8,neopixelport=portb,millis=enabled,bodact=disabled,bodpd=disabled	1.6.13	2862	41	0	false	0	0		0	
2019-10-04 20:39:11	204	204.150	https://travis-ci.org/SpenceKonde/ATTinyCore/jobs/593667784	push	false	false	master	d4a3f963b275f18b33496ed78bb54f4b200efdd0	d18c34370528...d4a3f963b275	trailing whitespace	/home/travis/Arduino/hardware/ATTinyCore/avr/libraries/Servo/examples/Knob/Knob.ino	ATTinyCore:avr:attiny1634:LTO=disable,clock=143external,eesave=aenable,bod=1v8,neopixelport=portb,millis=enabled,bodact=disabled,bodpd=disabled	1.6.13	2908	59	1	false	0	0		0	
2019-10-04 20:39:16	204	204.150	https://travis-ci.org/SpenceKonde/ATTinyCore/jobs/593667784	push	false	false	master	d4a3f963b275f18b33496ed78bb54f4b200efdd0	d18c34370528...d4a3f963b275	trailing whitespace	/home/travis/Arduino/hardware/ATTinyCore/avr/libraries/Servo/examples/Sweep/Sweep.ino	ATTinyCore:avr:attiny1634:LTO=disable,clock=143external,eesave=aenable,bod=1v8,neopixelport=portb,millis=enabled,bodact=disabled,bodpd=disabled	1.6.13	2854	56	1	false	0	0		0	
2019-10-04 20:39:21	204	204.150	https://travis-ci.org/SpenceKonde/ATTinyCore/jobs/593667784	push	false	false	master	d4a3f963b275f18b33496ed78bb54f4b200efdd0	d18c34370528...d4a3f963b275	trailing whitespace	/home/travis/Arduino/hardware/ATTinyCore/avr/libraries/EEPROM/examples/eeprom_get/eeprom_get.ino	ATTinyCore:avr:attiny1634:LTO=disable,clock=143external,eesave=aenable,bod=1v8,neopixelport=portb,millis=enabled,bodact=disabled,bodpd=disabled	1.6.13	4068	192	0	false	0	0		0	
2019-10-04 20:39:26	204	204.150	https://travis-ci.org/SpenceKonde/ATTinyCore/jobs/593667784	push	false	false	master	d4a3f963b275f18b33496ed78bb54f4b200efdd0	d18c34370528...d4a3f963b275	trailing whitespace	/home/travis/Arduino/hardware/ATTinyCore/avr/libraries/EEPROM/examples/eeprom_crc/eeprom_crc.ino	ATTinyCore:avr:attiny1634:LTO=disable,clock=143external,eesave=aenable,bod=1v8,neopixelport=portb,millis=enabled,bodact=disabled,bodpd=disabled	1.6.13	2408	234	1	false	0	0		0	
2019-10-04 20:39:30	204	204.150	https://travis-ci.org/SpenceKonde/ATTinyCore/jobs/593667784	push	false	false	master	d4a3f963b275f18b33496ed78bb54f4b200efdd0	d18c34370528...d4a3f963b275	trailing whitespace	/home/travis/Arduino/hardware/ATTinyCore/avr/libraries/EEPROM/examples/eeprom_read/eeprom_read.ino	ATTinyCore:avr:attiny1634:LTO=disable,clock=143external,eesave=aenable,bod=1v8,neopixelport=portb,millis=enabled,bodact=disabled,bodpd=disabled	1.6.13	2362	125	1	false	0	0		0	
2019-10-04 20:39:35	204	204.150	https://travis-ci.org/SpenceKonde/ATTinyCore/jobs/593667784	push	false	false	master	d4a3f963b275f18b33496ed78bb54f4b200efdd0	d18c34370528...d4a3f963b275	trailing whitespace	/home/travis/Arduino/hardware/ATTinyCore/avr/libraries/EEPROM/examples/eeprom_clear/eeprom_clear.ino	ATTinyCore:avr:attiny1634:LTO=disable,clock=143external,eesave=aenable,bod=1v8,neopixelport=portb,millis=enabled,bodact=disabled,bodpd=disabled	1.6.13	854	9	1	false	0	0		0	
2019-10-04 20:39:40	204	204.150	https://travis-ci.org/SpenceKonde/ATTinyCore/jobs/593667784	push	false	false	master	d4a3f963b275f18b33496ed78bb54f4b200efdd0	d18c34370528...d4a3f963b275	trailing whitespace	/home/travis/Arduino/hardware/ATTinyCore/avr/libraries/EEPROM/examples/eeprom_write/eeprom_write.ino	ATTinyCore:avr:attiny1634:LTO=disable,clock=143external,eesave=aenable,bod=1v8,neopixelport=portb,millis=enabled,bodact=disabled,bodpd=disabled	1.6.13	774	12	1	false	0	0		0	
2019-10-04 20:39:45	204	204.150	https://travis-ci.org/SpenceKonde/ATTinyCore/jobs/593667784	push	false	false	master	d4a3f963b275f18b33496ed78bb54f4b200efdd0	d18c34370528...d4a3f963b275	trailing whitespace	/home/travis/Arduino/hardware/ATTinyCore/avr/libraries/EEPROM/examples/eeprom_iteration/eeprom_iteration.ino	ATTinyCore:avr:attiny1634:LTO=disable,clock=143external,eesave=aenable,bod=1v8,neopixelport=portb,millis=enabled,bodact=disabled,bodpd=disabled	1.6.13	620	9	3	false	0	0		0	
2019-10-04 20:39:50	204	204.150	https://travis-ci.org/SpenceKonde/ATTinyCore/jobs/593667784	push	false	false	master	d4a3f963b275f18b33496ed78bb54f4b200efdd0	d18c34370528...d4a3f963b275	trailing whitespace	/home/travis/Arduino/hardware/ATTinyCore/avr/libraries/EEPROM/examples/eeprom_update/eeprom_update.ino	ATTinyCore:avr:attiny1634:LTO=disable,clock=143external,eesave=aenable,bod=1v8,neopixelport=portb,millis=enabled,bodact=disabled,bodpd=disabled	1.6.13	824	12	1	false	0	0		0	
2019-10-04 20:39:55	204	204.150	https://travis-ci.org/SpenceKonde/ATTinyCore/jobs/593667784	push	false	false	master	d4a3f963b275f18b33496ed78bb54f4b200efdd0	d18c34370528...d4a3f963b275	trailing whitespace	/home/travis/Arduino/hardware/ATTinyCore/avr/libraries/EEPROM/examples/eeprom_put/eeprom_put.ino	ATTinyCore:avr:attiny1634:LTO=disable,clock=143external,eesave=aenable,bod=1v8,neopixelport=portb,millis=enabled,bodact=disabled,bodpd=disabled	1.6.13	2084	264	0	false	0	0		0	
2019-10-04 20:40:00	204	204.150	https://travis-ci.org/SpenceKonde/ATTinyCore/jobs/593667784	push	false	false	master	d4a3f963b275f18b33496ed78bb54f4b200efdd0	d18c34370528...d4a3f963b275	trailing whitespace	/home/travis/Arduino/hardware/ATTinyCore/avr/libraries/ATTinyCore/examples/TemperatureRead/TemperatureRead.ino	ATTinyCore:avr:attiny1634:LTO=disable,clock=143external,eesave=aenable,bod=1v8,neopixelport=portb,millis=enabled,bodact=disabled,bodpd=disabled	1.6.13	2328	127	0	false	0	0		0	
2019-10-04 20:40:05	204	204.150	https://travis-ci.org/SpenceKonde/ATTinyCore/jobs/593667784	push	false	false	master	d4a3f963b275f18b33496ed78bb54f4b200efdd0	d18c34370528...d4a3f963b275	trailing whitespace	/home/travis/Arduino/hardware/ATTinyCore/avr/libraries/tinyNeoPixel_Static/examples/strandtest/strandtest.ino	ATTinyCore:avr:attiny1634:LTO=disable,clock=143external,eesave=aenable,bod=1v8,neopixelport=portb,millis=enabled,bodact=disabled,bodpd=disabled	1.6.13	2814	208	5	false	0	0		0	
2019-10-04 20:40:10	204	204.150	https://travis-ci.org/SpenceKonde/ATTinyCore/jobs/593667784	push	false	false	master	d4a3f963b275f18b33496ed78bb54f4b200efdd0	d18c34370528...d4a3f963b275	trailing whitespace	/home/travis/Arduino/hardware/ATTinyCore/avr/libraries/tinyNeoPixel_Static/examples/buttoncycler/buttoncycler.ino	ATTinyCore:avr:attiny1634:LTO=disable,clock=143external,eesave=aenable,bod=1v8,neopixelport=portb,millis=enabled,bodact=disabled,bodpd=disabled	1.6.13	3076	80	5	false	0	0		0	
2019-10-04 20:40:15	204	204.150	https://travis-ci.org/SpenceKonde/ATTinyCore/jobs/593667784	push	false	false	master	d4a3f963b275f18b33496ed78bb54f4b200efdd0	d18c34370528...d4a3f963b275	trailing whitespace	/home/travis/Arduino/hardware/ATTinyCore/avr/libraries/tinyNeoPixel_Static/examples/simple/simple.ino	ATTinyCore:avr:attiny1634:LTO=disable,clock=143external,eesave=aenable,bod=1v8,neopixelport=portb,millis=enabled,bodact=disabled,bodpd=disabled	1.6.13	1880	78	1	false	0	0		0	
2019-10-04 20:40:20	204	204.150	https://travis-ci.org/SpenceKonde/ATTinyCore/jobs/593667784	push	false	false	master	d4a3f963b275f18b33496ed78bb54f4b200efdd0	d18c34370528...d4a3f963b275	trailing whitespace	/home/travis/Arduino/hardware/ATTinyCore/avr/libraries/SPI/examples/BarometricPressureSensor/BarometricPressureSensor.ino	ATTinyCore:avr:attiny1634:LTO=disable,clock=143external,eesave=aenable,bod=1v8,neopixelport=portb,millis=enabled,bodact=disabled,bodpd=disabled	1.6.13	7078	175	1	false	0	0		0	
2019-10-04 20:40:25	204	204.150	https://travis-ci.org/SpenceKonde/ATTinyCore/jobs/593667784	push	false	false	master	d4a3f963b275f18b33496ed78bb54f4b200efdd0	d18c34370528...d4a3f963b275	trailing whitespace	/home/travis/Arduino/hardware/ATTinyCore/avr/libraries/SPI/examples/DigitalPotControl/DigitalPotControl.ino	ATTinyCore:avr:attiny1634:LTO=disable,clock=143external,eesave=aenable,bod=1v8,neopixelport=portb,millis=enabled,bodact=disabled,bodpd=disabled	1.6.13	1480	14	0	false	0	0		0	
2019-10-04 20:40:30	204	204.150	https://travis-ci.org/SpenceKonde/ATTinyCore/jobs/593667784	push	false	false	master	d4a3f963b275f18b33496ed78bb54f4b200efdd0	d18c34370528...d4a3f963b275	trailing whitespace	/home/travis/Arduino/hardware/ATTinyCore/avr/libraries/Wire/examples/SFRRanger_reader/SFRRanger_reader.ino	ATTinyCore:avr:attiny1634:LTO=disable,clock=143external,eesave=aenable,bod=1v8,neopixelport=portb,millis=enabled,bodact=disabled,bodpd=disabled	1.6.13	3856	171	0	false	0	0		0	
2019-10-04 20:40:35	204	204.150	https://travis-ci.org/SpenceKonde/ATTinyCore/jobs/593667784	push	false	false	master	d4a3f963b275f18b33496ed78bb54f4b200efdd0	d18c34370528...d4a3f963b275	trailing whitespace	/home/travis/Arduino/hardware/ATTinyCore/avr/libraries/Wire/examples/master_writer/master_writer.ino	ATTinyCore:avr:attiny1634:LTO=disable,clock=143external,eesave=aenable,bod=1v8,neopixelport=portb,millis=enabled,bodact=disabled,bodpd=disabled	1.6.13	1934	65	0	false	0	0		0	
2019-10-04 20:40:41	204	204.150	https://travis-ci.org/SpenceKonde/ATTinyCore/jobs/593667784	push	false	false	master	d4a3f963b275f18b33496ed78bb54f4b200efdd0	d18c34370528...d4a3f963b275	trailing whitespace	/home/travis/Arduino/hardware/ATTinyCore/avr/libraries/Wire/examples/digital_potentiometer/digital_potentiometer.ino	ATTinyCore:avr:attiny1634:LTO=disable,clock=143external,eesave=aenable,bod=1v8,neopixelport=portb,millis=enabled,bodact=disabled,bodpd=disabled	1.6.13	1834	59	0	false	0	0		0	
2019-10-04 20:40:46	204	204.150	https://travis-ci.org/SpenceKonde/ATTinyCore/jobs/593667784	push	false	false	master	d4a3f963b275f18b33496ed78bb54f4b200efdd0	d18c34370528...d4a3f963b275	trailing whitespace	/home/travis/Arduino/hardware/ATTinyCore/avr/libraries/Wire/examples/slave_receiver/slave_receiver.ino	ATTinyCore:avr:attiny1634:LTO=disable,clock=143external,eesave=aenable,bod=1v8,neopixelport=portb,millis=enabled,bodact=disabled,bodpd=disabled	1.6.13	3046	167	1	false	0	0		0	
2019-10-04 20:40:51	204	204.150	https://travis-ci.org/SpenceKonde/ATTinyCore/jobs/593667784	push	false	false	master	d4a3f963b275f18b33496ed78bb54f4b200efdd0	d18c34370528...d4a3f963b275	trailing whitespace	/home/travis/Arduino/hardware/ATTinyCore/avr/libraries/Wire/examples/master_reader/master_reader.ino	ATTinyCore:avr:attiny1634:LTO=disable,clock=143external,eesave=aenable,bod=1v8,neopixelport=portb,millis=enabled,bodact=disabled,bodpd=disabled	1.6.13	3244	169	0	false	0	0		0	
2019-10-04 20:40:56	204	204.150	https://travis-ci.org/SpenceKonde/ATTinyCore/jobs/593667784	push	false	false	master	d4a3f963b275f18b33496ed78bb54f4b200efdd0	d18c34370528...d4a3f963b275	trailing whitespace	/home/travis/Arduino/hardware/ATTinyCore/avr/libraries/Wire/examples/slave_sender/slave_sender.ino	ATTinyCore:avr:attiny1634:LTO=disable,clock=143external,eesave=aenable,bod=1v8,neopixelport=portb,millis=enabled,bodact=disabled,bodpd=disabled	1.6.13	1558	65	0	false	0	0		0	
2019-10-04 20:41:01	204	204.150	https://travis-ci.org/SpenceKonde/ATTinyCore/jobs/593667784	push	false	false	master	d4a3f963b275f18b33496ed78bb54f4b200efdd0	d18c34370528...d4a3f963b275	trailing whitespace	/home/travis/Arduino/hardware/ATTinyCore/avr/libraries/Servo_ATTinyCore/examples/Knob/Knob.ino	ATTinyCore:avr:attiny1634:LTO=disable,clock=143external,eesave=aenable,bod=1v8,neopixelport=portb,millis=enabled,bodact=disabled,bodpd=disabled	1.6.13	2908	59	1	false	0	0		0	
2019-10-04 20:41:06	204	204.150	https://travis-ci.org/SpenceKonde/ATTinyCore/jobs/593667784	push	false	false	master	d4a3f963b275f18b33496ed78bb54f4b200efdd0	d18c34370528...d4a3f963b275	trailing whitespace	/home/travis/Arduino/hardware/ATTinyCore/avr/libraries/Servo_ATTinyCore/examples/Sweep/Sweep.ino	ATTinyCore:avr:attiny1634:LTO=disable,clock=143external,eesave=aenable,bod=1v8,neopixelport=portb,millis=enabled,bodact=disabled,bodpd=disabled	1.6.13	2854	56	1	false	0	0		0	
2019-10-04 20:41:12	204	204.150	https://travis-ci.org/SpenceKonde/ATTinyCore/jobs/593667784	push	false	false	master	d4a3f963b275f18b33496ed78bb54f4b200efdd0	d18c34370528...d4a3f963b275	trailing whitespace	/home/travis/Arduino/hardware/ATTinyCore/avr/libraries/SoftwareSerial/examples/SoftwareSerialExample/SoftwareSerialExample.ino	ATTinyCore:avr:attiny1634:LTO=disable,clock=143external,eesave=aenable,bod=1v8,neopixelport=portb,millis=enabled,bodact=disabled,bodpd=disabled	1.8.6	3670	265	9	false	0	0		0	
2019-10-04 20:41:15	204	204.150	https://travis-ci.org/SpenceKonde/ATTinyCore/jobs/593667784	push	false	false	master	d4a3f963b275f18b33496ed78bb54f4b200efdd0	d18c34370528...d4a3f963b275	trailing whitespace	/home/travis/Arduino/hardware/ATTinyCore/avr/libraries/SoftwareSerial/examples/TwoPortReceive/TwoPortReceive.ino	ATTinyCore:avr:attiny1634:LTO=disable,clock=143external,eesave=aenable,bod=1v8,neopixelport=portb,millis=enabled,bodact=disabled,bodpd=disabled	1.8.6	3756	306	9	false	0	0		0	
2019-10-04 20:41:19	204	204.150	https://travis-ci.org/SpenceKonde/ATTinyCore/jobs/593667784	push	false	false	master	d4a3f963b275f18b33496ed78bb54f4b200efdd0	d18c34370528...d4a3f963b275	trailing whitespace	/home/travis/Arduino/hardware/ATTinyCore/avr/libraries/tinyNeoPixel/examples/strandtest/strandtest.ino	ATTinyCore:avr:attiny1634:LTO=disable,clock=143external,eesave=aenable,bod=1v8,neopixelport=portb,millis=enabled,bodact=disabled,bodpd=disabled	1.8.6	3784	39	0	false	0	0		0	
2019-10-04 20:41:22	204	204.150	https://travis-ci.org/SpenceKonde/ATTinyCore/jobs/593667784	push	false	false	master	d4a3f963b275f18b33496ed78bb54f4b200efdd0	d18c34370528...d4a3f963b275	trailing whitespace	/home/travis/Arduino/hardware/ATTinyCore/avr/libraries/tinyNeoPixel/examples/buttoncycler/buttoncycler.ino	ATTinyCore:avr:attiny1634:LTO=disable,clock=143external,eesave=aenable,bod=1v8,neopixelport=portb,millis=enabled,bodact=disabled,bodpd=disabled	1.8.6	2818	41	0	false	0	0		0	
2019-10-04 20:41:25	204	204.150	https://travis-ci.org/SpenceKonde/ATTinyCore/jobs/593667784	push	false	false	master	d4a3f963b275f18b33496ed78bb54f4b200efdd0	d18c34370528...d4a3f963b275	trailing whitespace	/home/travis/Arduino/hardware/ATTinyCore/avr/libraries/tinyNeoPixel/examples/RGBWstrandtest/RGBWstrandtest.ino	ATTinyCore:avr:attiny1634:LTO=disable,clock=143external,eesave=aenable,bod=1v8,neopixelport=portb,millis=enabled,bodact=disabled,bodpd=disabled	1.8.6	6972	410	6	false	0	0		0	
2019-10-04 20:41:28	204	204.150	https://travis-ci.org/SpenceKonde/ATTinyCore/jobs/593667784	push	false	false	master	d4a3f963b275f18b33496ed78bb54f4b200efdd0	d18c34370528...d4a3f963b275	trailing whitespace	/home/travis/Arduino/hardware/ATTinyCore/avr/libraries/tinyNeoPixel/examples/simple/simple.ino	ATTinyCore:avr:attiny1634:LTO=disable,clock=143external,eesave=aenable,bod=1v8,neopixelport=portb,millis=enabled,bodact=disabled,bodpd=disabled	1.8.6	2818	41	0	false	0	0		0	
2019-10-04 20:41:31	204	204.150	https://travis-ci.org/SpenceKonde/ATTinyCore/jobs/593667784	push	false	false	master	d4a3f963b275f18b33496ed78bb54f4b200efdd0	d18c34370528...d4a3f963b275	trailing whitespace	/home/travis/Arduino/hardware/ATTinyCore/avr/libraries/Servo/examples/Knob/Knob.ino	ATTinyCore:avr:attiny1634:LTO=disable,clock=143external,eesave=aenable,bod=1v8,neopixelport=portb,millis=enabled,bodact=disabled,bodpd=disabled	1.8.6	2698	55	1	false	0	0		0	
2019-10-04 20:41:35	204	204.150	https://travis-ci.org/SpenceKonde/ATTinyCore/jobs/593667784	push	false	false	master	d4a3f963b275f18b33496ed78bb54f4b200efdd0	d18c34370528...d4a3f963b275	trailing whitespace	/home/travis/Arduino/hardware/ATTinyCore/avr/libraries/Servo/examples/Sweep/Sweep.ino	ATTinyCore:avr:attiny1634:LTO=disable,clock=143external,eesave=aenable,bod=1v8,neopixelport=portb,millis=enabled,bodact=disabled,bodpd=disabled	1.8.6	2644	52	1	false	0	0		0	
2019-10-04 20:41:38	204	204.150	https://travis-ci.org/SpenceKonde/ATTinyCore/jobs/593667784	push	false	false	master	d4a3f963b275f18b33496ed78bb54f4b200efdd0	d18c34370528...d4a3f963b275	trailing whitespace	/home/travis/Arduino/hardware/ATTinyCore/avr/libraries/EEPROM/examples/eeprom_get/eeprom_get.ino	ATTinyCore:avr:attiny1634:LTO=disable,clock=143external,eesave=aenable,bod=1v8,neopixelport=portb,millis=enabled,bodact=disabled,bodpd=disabled	1.8.6	4066	192	0	false	0	0		0	
2019-10-04 20:41:41	204	204.150	https://travis-ci.org/SpenceKonde/ATTinyCore/jobs/593667784	push	false	false	master	d4a3f963b275f18b33496ed78bb54f4b200efdd0	d18c34370528...d4a3f963b275	trailing whitespace	/home/travis/Arduino/hardware/ATTinyCore/avr/libraries/EEPROM/examples/eeprom_crc/eeprom_crc.ino	ATTinyCore:avr:attiny1634:LTO=disable,clock=143external,eesave=aenable,bod=1v8,neopixelport=portb,millis=enabled,bodact=disabled,bodpd=disabled	1.8.6	2410	234	1	false	0	0		0	
2019-10-04 20:41:44	204	204.150	https://travis-ci.org/SpenceKonde/ATTinyCore/jobs/593667784	push	false	false	master	d4a3f963b275f18b33496ed78bb54f4b200efdd0	d18c34370528...d4a3f963b275	trailing whitespace	/home/travis/Arduino/hardware/ATTinyCore/avr/libraries/EEPROM/examples/eeprom_read/eeprom_read.ino	ATTinyCore:avr:attiny1634:LTO=disable,clock=143external,eesave=aenable,bod=1v8,neopixelport=portb,millis=enabled,bodact=disabled,bodpd=disabled	1.8.6	2358	125	1	false	0	0		0	
2019-10-04 20:41:47	204	204.150	https://travis-ci.org/SpenceKonde/ATTinyCore/jobs/593667784	push	false	false	master	d4a3f963b275f18b33496ed78bb54f4b200efdd0	d18c34370528...d4a3f963b275	trailing whitespace	/home/travis/Arduino/hardware/ATTinyCore/avr/libraries/EEPROM/examples/eeprom_clear/eeprom_clear.ino	ATTinyCore:avr:attiny1634:LTO=disable,clock=143external,eesave=aenable,bod=1v8,neopixelport=portb,millis=enabled,bodact=disabled,bodpd=disabled	1.8.6	856	9	1	false	0	0		0	
2019-10-04 20:41:50	204	204.150	https://travis-ci.org/SpenceKonde/ATTinyCore/jobs/593667784	push	false	false	master	d4a3f963b275f18b33496ed78bb54f4b200efdd0	d18c34370528...d4a3f963b275	trailing whitespace	/home/travis/Arduino/hardware/ATTinyCore/avr/libraries/EEPROM/examples/eeprom_write/eeprom_write.ino	ATTinyCore:avr:attiny1634:LTO=disable,clock=143external,eesave=aenable,bod=1v8,neopixelport=portb,millis=enabled,bodact=disabled,bodpd=disabled	1.8.6	774	12	1	false	0	0		0	
2019-10-04 20:41:53	204	204.150	https://travis-ci.org/SpenceKonde/ATTinyCore/jobs/593667784	push	false	false	master	d4a3f963b275f18b33496ed78bb54f4b200efdd0	d18c34370528...d4a3f963b275	trailing whitespace	/home/travis/Arduino/hardware/ATTinyCore/avr/libraries/EEPROM/examples/eeprom_iteration/eeprom_iteration.ino	ATTinyCore:avr:attiny1634:LTO=disable,clock=143external,eesave=aenable,bod=1v8,neopixelport=portb,millis=enabled,bodact=disabled,bodpd=disabled	1.8.6	608	9	3	false	0	0		0	
2019-10-04 20:41:57	204	204.150	https://travis-ci.org/SpenceKonde/ATTinyCore/jobs/593667784	push	false	false	master	d4a3f963b275f18b33496ed78bb54f4b200efdd0	d18c34370528...d4a3f963b275	trailing whitespace	/home/travis/Arduino/hardware/ATTinyCore/avr/libraries/EEPROM/examples/eeprom_update/eeprom_update.ino	ATTinyCore:avr:attiny1634:LTO=disable,clock=143external,eesave=aenable,bod=1v8,neopixelport=portb,millis=enabled,bodact=disabled,bodpd=disabled	1.8.6	824	12	1	false	0	0		0	
2019-10-04 20:42:00	204	204.150	https://travis-ci.org/SpenceKonde/ATTinyCore/jobs/593667784	push	false	false	master	d4a3f963b275f18b33496ed78bb54f4b200efdd0	d18c34370528...d4a3f963b275	trailing whitespace	/home/travis/Arduino/hardware/ATTinyCore/avr/libraries/EEPROM/examples/eeprom_put/eeprom_put.ino	ATTinyCore:avr:attiny1634:LTO=disable,clock=143external,eesave=aenable,bod=1v8,neopixelport=portb,millis=enabled,bodact=disabled,bodpd=disabled	1.8.6	2060	264	0	false	0	0		0	
2019-10-04 20:42:03	204	204.150	https://travis-ci.org/SpenceKonde/ATTinyCore/jobs/593667784	push	false	false	master	d4a3f963b275f18b33496ed78bb54f4b200efdd0	d18c34370528...d4a3f963b275	trailing whitespace	/home/travis/Arduino/hardware/ATTinyCore/avr/libraries/ATTinyCore/examples/TemperatureRead/TemperatureRead.ino	ATTinyCore:avr:attiny1634:LTO=disable,clock=143external,eesave=aenable,bod=1v8,neopixelport=portb,millis=enabled,bodact=disabled,bodpd=disabled	1.8.6	2328	127	0	false	0	0		0	
2019-10-04 20:42:06	204	204.150	https://travis-ci.org/SpenceKonde/ATTinyCore/jobs/593667784	push	false	false	master	d4a3f963b275f18b33496ed78bb54f4b200efdd0	d18c34370528...d4a3f963b275	trailing whitespace	/home/travis/Arduino/hardware/ATTinyCore/avr/libraries/tinyNeoPixel_Static/examples/strandtest/strandtest.ino	ATTinyCore:avr:attiny1634:LTO=disable,clock=143external,eesave=aenable,bod=1v8,neopixelport=portb,millis=enabled,bodact=disabled,bodpd=disabled	1.8.6	2810	208	5	false	0	0		0	
2019-10-04 20:42:09	204	204.150	https://travis-ci.org/SpenceKonde/ATTinyCore/jobs/593667784	push	false	false	master	d4a3f963b275f18b33496ed78bb54f4b200efdd0	d18c34370528...d4a3f963b275	trailing whitespace	/home/travis/Arduino/hardware/ATTinyCore/avr/libraries/tinyNeoPixel_Static/examples/buttoncycler/buttoncycler.ino	ATTinyCore:avr:attiny1634:LTO=disable,clock=143external,eesave=aenable,bod=1v8,neopixelport=portb,millis=enabled,bodact=disabled,bodpd=disabled	1.8.6	3086	80	5	false	0	0		0	
2019-10-04 20:42:12	204	204.150	https://travis-ci.org/SpenceKonde/ATTinyCore/jobs/593667784	push	false	false	master	d4a3f963b275f18b33496ed78bb54f4b200efdd0	d18c34370528...d4a3f963b275	trailing whitespace	/home/travis/Arduino/hardware/ATTinyCore/avr/libraries/tinyNeoPixel_Static/examples/simple/simple.ino	ATTinyCore:avr:attiny1634:LTO=disable,clock=143external,eesave=aenable,bod=1v8,neopixelport=portb,millis=enabled,bodact=disabled,bodpd=disabled	1.8.6	1876	78	1	false	0	0		0	
2019-10-04 20:42:16	204	204.150	https://travis-ci.org/SpenceKonde/ATTinyCore/jobs/593667784	push	false	false	master	d4a3f963b275f18b33496ed78bb54f4b200efdd0	d18c34370528...d4a3f963b275	trailing whitespace	/home/travis/Arduino/hardware/ATTinyCore/avr/libraries/SPI/examples/BarometricPressureSensor/BarometricPressureSensor.ino	ATTinyCore:avr:attiny1634:LTO=disable,clock=143external,eesave=aenable,bod=1v8,neopixelport=portb,millis=enabled,bodact=disabled,bodpd=disabled	1.8.6	7018	175	1	false	0	0		0	
2019-10-04 20:42:19	204	204.150	https://travis-ci.org/SpenceKonde/ATTinyCore/jobs/593667784	push	false	false	master	d4a3f963b275f18b33496ed78bb54f4b200efdd0	d18c34370528...d4a3f963b275	trailing whitespace	/home/travis/Arduino/hardware/ATTinyCore/avr/libraries/SPI/examples/DigitalPotControl/DigitalPotControl.ino	ATTinyCore:avr:attiny1634:LTO=disable,clock=143external,eesave=aenable,bod=1v8,neopixelport=portb,millis=enabled,bodact=disabled,bodpd=disabled	1.8.6	1468	14	0	false	0	0		0	
2019-10-04 20:42:22	204	204.150	https://travis-ci.org/SpenceKonde/ATTinyCore/jobs/593667784	push	false	false	master	d4a3f963b275f18b33496ed78bb54f4b200efdd0	d18c34370528...d4a3f963b275	trailing whitespace	/home/travis/Arduino/hardware/ATTinyCore/avr/libraries/Wire/examples/SFRRanger_reader/SFRRanger_reader.ino	ATTinyCore:avr:attiny1634:LTO=disable,clock=143external,eesave=aenable,bod=1v8,neopixelport=portb,millis=enabled,bodact=disabled,bodpd=disabled	1.8.6	3856	171	0	false	0	0		0	
2019-10-04 20:42:25	204	204.150	https://travis-ci.org/SpenceKonde/ATTinyCore/jobs/593667784	push	false	false	master	d4a3f963b275f18b33496ed78bb54f4b200efdd0	d18c34370528...d4a3f963b275	trailing whitespace	/home/travis/Arduino/hardware/ATTinyCore/avr/libraries/Wire/examples/master_writer/master_writer.ino	ATTinyCore:avr:attiny1634:LTO=disable,clock=143external,eesave=aenable,bod=1v8,neopixelport=portb,millis=enabled,bodact=disabled,bodpd=disabled	1.8.6	1934	65	0	false	0	0		0	
2019-10-04 20:42:29	204	204.150	https://travis-ci.org/SpenceKonde/ATTinyCore/jobs/593667784	push	false	false	master	d4a3f963b275f18b33496ed78bb54f4b200efdd0	d18c34370528...d4a3f963b275	trailing whitespace	/home/travis/Arduino/hardware/ATTinyCore/avr/libraries/Wire/examples/digital_potentiometer/digital_potentiometer.ino	ATTinyCore:avr:attiny1634:LTO=disable,clock=143external,eesave=aenable,bod=1v8,neopixelport=portb,millis=enabled,bodact=disabled,bodpd=disabled	1.8.6	1834	59	0	false	0	0		0	
2019-10-04 20:42:32	204	204.150	https://travis-ci.org/SpenceKonde/ATTinyCore/jobs/593667784	push	false	false	master	d4a3f963b275f18b33496ed78bb54f4b200efdd0	d18c34370528...d4a3f963b275	trailing whitespace	/home/travis/Arduino/hardware/ATTinyCore/avr/libraries/Wire/examples/slave_receiver/slave_receiver.ino	ATTinyCore:avr:attiny1634:LTO=disable,clock=143external,eesave=aenable,bod=1v8,neopixelport=portb,millis=enabled,bodact=disabled,bodpd=disabled	1.8.6	3032	167	1	false	0	0		0	
2019-10-04 20:42:35	204	204.150	https://travis-ci.org/SpenceKonde/ATTinyCore/jobs/593667784	push	false	false	master	d4a3f963b275f18b33496ed78bb54f4b200efdd0	d18c34370528...d4a3f963b275	trailing whitespace	/home/travis/Arduino/hardware/ATTinyCore/avr/libraries/Wire/examples/master_reader/master_reader.ino	ATTinyCore:avr:attiny1634:LTO=disable,clock=143external,eesave=aenable,bod=1v8,neopixelport=portb,millis=enabled,bodact=disabled,bodpd=disabled	1.8.6	3244	169	0	false	0	0		0	
2019-10-04 20:42:39	204	204.150	https://travis-ci.org/SpenceKonde/ATTinyCore/jobs/593667784	push	false	false	master	d4a3f963b275f18b33496ed78bb54f4b200efdd0	d18c34370528...d4a3f963b275	trailing whitespace	/home/travis/Arduino/hardware/ATTinyCore/avr/libraries/Wire/examples/slave_sender/slave_sender.ino	ATTinyCore:avr:attiny1634:LTO=disable,clock=143external,eesave=aenable,bod=1v8,neopixelport=portb,millis=enabled,bodact=disabled,bodpd=disabled	1.8.6	1544	65	0	false	0	0		0	
2019-10-04 20:42:42	204	204.150	https://travis-ci.org/SpenceKonde/ATTinyCore/jobs/593667784	push	false	false	master	d4a3f963b275f18b33496ed78bb54f4b200efdd0	d18c34370528...d4a3f963b275	trailing whitespace	/home/travis/Arduino/hardware/ATTinyCore/avr/libraries/Servo_ATTinyCore/examples/Knob/Knob.ino	ATTinyCore:avr:attiny1634:LTO=disable,clock=143external,eesave=aenable,bod=1v8,neopixelport=portb,millis=enabled,bodact=disabled,bodpd=disabled	1.8.6	2698	55	1	false	0	0		0	
2019-10-04 20:42:45	204	204.150	https://travis-ci.org/SpenceKonde/ATTinyCore/jobs/593667784	push	false	false	master	d4a3f963b275f18b33496ed78bb54f4b200efdd0	d18c34370528...d4a3f963b275	trailing whitespace	/home/travis/Arduino/hardware/ATTinyCore/avr/libraries/Servo_ATTinyCore/examples/Sweep/Sweep.ino	ATTinyCore:avr:attiny1634:LTO=disable,clock=143external,eesave=aenable,bod=1v8,neopixelport=portb,millis=enabled,bodact=disabled,bodpd=disabled	1.8.6	2644	52	1	false	0	0		0	
2019-10-04 20:42:52	204	204.150	https://travis-ci.org/SpenceKonde/ATTinyCore/jobs/593667784	push	false	false	master	d4a3f963b275f18b33496ed78bb54f4b200efdd0	d18c34370528...d4a3f963b275	trailing whitespace	/home/travis/Arduino/hardware/ATTinyCore/avr/libraries/SoftwareSerial/examples/SoftwareSerialExample/SoftwareSerialExample.ino	ATTinyCore:avr:attiny1634:LTO=disable,clock=143external,eesave=aenable,bod=1v8,neopixelport=portb,millis=enabled,bodact=disabled,bodpd=disabled	1.8.10	3664	265	4	false	0	0		0	
2019-10-04 20:42:56	204	204.150	https://travis-ci.org/SpenceKonde/ATTinyCore/jobs/593667784	push	false	false	master	d4a3f963b275f18b33496ed78bb54f4b200efdd0	d18c34370528...d4a3f963b275	trailing whitespace	/home/travis/Arduino/hardware/ATTinyCore/avr/libraries/SoftwareSerial/examples/TwoPortReceive/TwoPortReceive.ino	ATTinyCore:avr:attiny1634:LTO=disable,clock=143external,eesave=aenable,bod=1v8,neopixelport=portb,millis=enabled,bodact=disabled,bodpd=disabled	1.8.10	3750	306	4	false	0	0		0	
2019-10-04 20:43:00	204	204.150	https://travis-ci.org/SpenceKonde/ATTinyCore/jobs/593667784	push	false	false	master	d4a3f963b275f18b33496ed78bb54f4b200efdd0	d18c34370528...d4a3f963b275	trailing whitespace	/home/travis/Arduino/hardware/ATTinyCore/avr/libraries/tinyNeoPixel/examples/strandtest/strandtest.ino	ATTinyCore:avr:attiny1634:LTO=disable,clock=143external,eesave=aenable,bod=1v8,neopixelport=portb,millis=enabled,bodact=disabled,bodpd=disabled	1.8.10	3754	39	0	false	0	0		0	
2019-10-04 20:43:03	204	204.150	https://travis-ci.org/SpenceKonde/ATTinyCore/jobs/593667784	push	false	false	master	d4a3f963b275f18b33496ed78bb54f4b200efdd0	d18c34370528...d4a3f963b275	trailing whitespace	/home/travis/Arduino/hardware/ATTinyCore/avr/libraries/tinyNeoPixel/examples/buttoncycler/buttoncycler.ino	ATTinyCore:avr:attiny1634:LTO=disable,clock=143external,eesave=aenable,bod=1v8,neopixelport=portb,millis=enabled,bodact=disabled,bodpd=disabled	1.8.10	2808	41	0	false	0	0		0	
2019-10-04 20:43:07	204	204.150	https://travis-ci.org/SpenceKonde/ATTinyCore/jobs/593667784	push	false	false	master	d4a3f963b275f18b33496ed78bb54f4b200efdd0	d18c34370528...d4a3f963b275	trailing whitespace	/home/travis/Arduino/hardware/ATTinyCore/avr/libraries/tinyNeoPixel/examples/RGBWstrandtest/RGBWstrandtest.ino	ATTinyCore:avr:attiny1634:LTO=disable,clock=143external,eesave=aenable,bod=1v8,neopixelport=portb,millis=enabled,bodact=disabled,bodpd=disabled	1.8.10	6922	410	6	false	0	0		0	
2019-10-04 20:43:11	204	204.150	https://travis-ci.org/SpenceKonde/ATTinyCore/jobs/593667784	push	false	false	master	d4a3f963b275f18b33496ed78bb54f4b200efdd0	d18c34370528...d4a3f963b275	trailing whitespace	/home/travis/Arduino/hardware/ATTinyCore/avr/libraries/tinyNeoPixel/examples/simple/simple.ino	ATTinyCore:avr:attiny1634:LTO=disable,clock=143external,eesave=aenable,bod=1v8,neopixelport=portb,millis=enabled,bodact=disabled,bodpd=disabled	1.8.10	2808	41	0	false	0	0		0	
2019-10-04 20:43:15	204	204.150	https://travis-ci.org/SpenceKonde/ATTinyCore/jobs/593667784	push	false	false	master	d4a3f963b275f18b33496ed78bb54f4b200efdd0	d18c34370528...d4a3f963b275	trailing whitespace	/home/travis/Arduino/hardware/ATTinyCore/avr/libraries/Servo/examples/Knob/Knob.ino	ATTinyCore:avr:attiny1634:LTO=disable,clock=143external,eesave=aenable,bod=1v8,neopixelport=portb,millis=enabled,bodact=disabled,bodpd=disabled	1.8.10	2690	55	1	false	0	0		0	
2019-10-04 20:43:18	204	204.150	https://travis-ci.org/SpenceKonde/ATTinyCore/jobs/593667784	push	false	false	master	d4a3f963b275f18b33496ed78bb54f4b200efdd0	d18c34370528...d4a3f963b275	trailing whitespace	/home/travis/Arduino/hardware/ATTinyCore/avr/libraries/Servo/examples/Sweep/Sweep.ino	ATTinyCore:avr:attiny1634:LTO=disable,clock=143external,eesave=aenable,bod=1v8,neopixelport=portb,millis=enabled,bodact=disabled,bodpd=disabled	1.8.10	2636	52	1	false	0	0		0	
2019-10-04 20:43:22	204	204.150	https://travis-ci.org/SpenceKonde/ATTinyCore/jobs/593667784	push	false	false	master	d4a3f963b275f18b33496ed78bb54f4b200efdd0	d18c34370528...d4a3f963b275	trailing whitespace	/home/travis/Arduino/hardware/ATTinyCore/avr/libraries/EEPROM/examples/eeprom_get/eeprom_get.ino	ATTinyCore:avr:attiny1634:LTO=disable,clock=143external,eesave=aenable,bod=1v8,neopixelport=portb,millis=enabled,bodact=disabled,bodpd=disabled	1.8.10	4072	192	0	false	0	0		0	
2019-10-04 20:43:25	204	204.150	https://travis-ci.org/SpenceKonde/ATTinyCore/jobs/593667784	push	false	false	master	d4a3f963b275f18b33496ed78bb54f4b200efdd0	d18c34370528...d4a3f963b275	trailing whitespace	/home/travis/Arduino/hardware/ATTinyCore/avr/libraries/EEPROM/examples/eeprom_crc/eeprom_crc.ino	ATTinyCore:avr:attiny1634:LTO=disable,clock=143external,eesave=aenable,bod=1v8,neopixelport=portb,millis=enabled,bodact=disabled,bodpd=disabled	1.8.10	2406	234	1	false	0	0		0	
2019-10-04 20:43:29	204	204.150	https://travis-ci.org/SpenceKonde/ATTinyCore/jobs/593667784	push	false	false	master	d4a3f963b275f18b33496ed78bb54f4b200efdd0	d18c34370528...d4a3f963b275	trailing whitespace	/home/travis/Arduino/hardware/ATTinyCore/avr/libraries/EEPROM/examples/eeprom_read/eeprom_read.ino	ATTinyCore:avr:attiny1634:LTO=disable,clock=143external,eesave=aenable,bod=1v8,neopixelport=portb,millis=enabled,bodact=disabled,bodpd=disabled	1.8.10	2352	125	1	false	0	0		0	
2019-10-04 20:43:33	204	204.150	https://travis-ci.org/SpenceKonde/ATTinyCore/jobs/593667784	push	false	false	master	d4a3f963b275f18b33496ed78bb54f4b200efdd0	d18c34370528...d4a3f963b275	trailing whitespace	/home/travis/Arduino/hardware/ATTinyCore/avr/libraries/EEPROM/examples/eeprom_clear/eeprom_clear.ino	ATTinyCore:avr:attiny1634:LTO=disable,clock=143external,eesave=aenable,bod=1v8,neopixelport=portb,millis=enabled,bodact=disabled,bodpd=disabled	1.8.10	860	9	1	false	0	0		0	
2019-10-04 20:43:36	204	204.150	https://travis-ci.org/SpenceKonde/ATTinyCore/jobs/593667784	push	false	false	master	d4a3f963b275f18b33496ed78bb54f4b200efdd0	d18c34370528...d4a3f963b275	trailing whitespace	/home/travis/Arduino/hardware/ATTinyCore/avr/libraries/EEPROM/examples/eeprom_write/eeprom_write.ino	ATTinyCore:avr:attiny1634:LTO=disable,clock=143external,eesave=aenable,bod=1v8,neopixelport=portb,millis=enabled,bodact=disabled,bodpd=disabled	1.8.10	774	12	1	false	0	0		0	
2019-10-04 20:43:40	204	204.150	https://travis-ci.org/SpenceKonde/ATTinyCore/jobs/593667784	push	false	false	master	d4a3f963b275f18b33496ed78bb54f4b200efdd0	d18c34370528...d4a3f963b275	trailing whitespace	/home/travis/Arduino/hardware/ATTinyCore/avr/libraries/EEPROM/examples/eeprom_iteration/eeprom_iteration.ino	ATTinyCore:avr:attiny1634:LTO=disable,clock=143external,eesave=aenable,bod=1v8,neopixelport=portb,millis=enabled,bodact=disabled,bodpd=disabled	1.8.10	608	9	3	false	0	0		0	
2019-10-04 20:43:44	204	204.150	https://travis-ci.org/SpenceKonde/ATTinyCore/jobs/593667784	push	false	false	master	d4a3f963b275f18b33496ed78bb54f4b200efdd0	d18c34370528...d4a3f963b275	trailing whitespace	/home/travis/Arduino/hardware/ATTinyCore/avr/libraries/EEPROM/examples/eeprom_update/eeprom_update.ino	ATTinyCore:avr:attiny1634:LTO=disable,clock=143external,eesave=aenable,bod=1v8,neopixelport=portb,millis=enabled,bodact=disabled,bodpd=disabled	1.8.10	824	12	1	false	0	0		0	
2019-10-04 20:43:47	204	204.150	https://travis-ci.org/SpenceKonde/ATTinyCore/jobs/593667784	push	false	false	master	d4a3f963b275f18b33496ed78bb54f4b200efdd0	d18c34370528...d4a3f963b275	trailing whitespace	/home/travis/Arduino/hardware/ATTinyCore/avr/libraries/EEPROM/examples/eeprom_put/eeprom_put.ino	ATTinyCore:avr:attiny1634:LTO=disable,clock=143external,eesave=aenable,bod=1v8,neopixelport=portb,millis=enabled,bodact=disabled,bodpd=disabled	1.8.10	2058	264	0	false	0	0		0	
2019-10-04 20:43:51	204	204.150	https://travis-ci.org/SpenceKonde/ATTinyCore/jobs/593667784	push	false	false	master	d4a3f963b275f18b33496ed78bb54f4b200efdd0	d18c34370528...d4a3f963b275	trailing whitespace	/home/travis/Arduino/hardware/ATTinyCore/avr/libraries/ATTinyCore/examples/TemperatureRead/TemperatureRead.ino	ATTinyCore:avr:attiny1634:LTO=disable,clock=143external,eesave=aenable,bod=1v8,neopixelport=portb,millis=enabled,bodact=disabled,bodpd=disabled	1.8.10	2322	127	0	false	0	0		0	
2019-10-04 20:43:55	204	204.150	https://travis-ci.org/SpenceKonde/ATTinyCore/jobs/593667784	push	false	false	master	d4a3f963b275f18b33496ed78bb54f4b200efdd0	d18c34370528...d4a3f963b275	trailing whitespace	/home/travis/Arduino/hardware/ATTinyCore/avr/libraries/tinyNeoPixel_Static/examples/strandtest/strandtest.ino	ATTinyCore:avr:attiny1634:LTO=disable,clock=143external,eesave=aenable,bod=1v8,neopixelport=portb,millis=enabled,bodact=disabled,bodpd=disabled	1.8.10	2762	208	5	false	0	0		0	
2019-10-04 20:43:58	204	204.150	https://travis-ci.org/SpenceKonde/ATTinyCore/jobs/593667784	push	false	false	master	d4a3f963b275f18b33496ed78bb54f4b200efdd0	d18c34370528...d4a3f963b275	trailing whitespace	/home/travis/Arduino/hardware/ATTinyCore/avr/libraries/tinyNeoPixel_Static/examples/buttoncycler/buttoncycler.ino	ATTinyCore:avr:attiny1634:LTO=disable,clock=143external,eesave=aenable,bod=1v8,neopixelport=portb,millis=enabled,bodact=disabled,bodpd=disabled	1.8.10	3026	80	5	false	0	0		0	
2019-10-04 20:44:02	204	204.150	https://travis-ci.org/SpenceKonde/ATTinyCore/jobs/593667784	push	false	false	master	d4a3f963b275f18b33496ed78bb54f4b200efdd0	d18c34370528...d4a3f963b275	trailing whitespace	/home/travis/Arduino/hardware/ATTinyCore/avr/libraries/tinyNeoPixel_Static/examples/simple/simple.ino	ATTinyCore:avr:attiny1634:LTO=disable,clock=143external,eesave=aenable,bod=1v8,neopixelport=portb,millis=enabled,bodact=disabled,bodpd=disabled	1.8.10	1852	78	1	false	0	0		0	
2019-10-04 20:44:06	204	204.150	https://travis-ci.org/SpenceKonde/ATTinyCore/jobs/593667784	push	false	false	master	d4a3f963b275f18b33496ed78bb54f4b200efdd0	d18c34370528...d4a3f963b275	trailing whitespace	/home/travis/Arduino/hardware/ATTinyCore/avr/libraries/SPI/examples/BarometricPressureSensor/BarometricPressureSensor.ino	ATTinyCore:avr:attiny1634:LTO=disable,clock=143external,eesave=aenable,bod=1v8,neopixelport=portb,millis=enabled,bodact=disabled,bodpd=disabled	1.8.10	6988	175	1	false	0	0		0	
2019-10-04 20:44:10	204	204.150	https://travis-ci.org/SpenceKonde/ATTinyCore/jobs/593667784	push	false	false	master	d4a3f963b275f18b33496ed78bb54f4b200efdd0	d18c34370528...d4a3f963b275	trailing whitespace	/home/travis/Arduino/hardware/ATTinyCore/avr/libraries/SPI/examples/DigitalPotControl/DigitalPotControl.ino	ATTinyCore:avr:attiny1634:LTO=disable,clock=143external,eesave=aenable,bod=1v8,neopixelport=portb,millis=enabled,bodact=disabled,bodpd=disabled	1.8.10	1466	14	0	false	0	0		0	
2019-10-04 20:44:14	204	204.150	https://travis-ci.org/SpenceKonde/ATTinyCore/jobs/593667784	push	false	false	master	d4a3f963b275f18b33496ed78bb54f4b200efdd0	d18c34370528...d4a3f963b275	trailing whitespace	/home/travis/Arduino/hardware/ATTinyCore/avr/libraries/Wire/examples/SFRRanger_reader/SFRRanger_reader.ino	ATTinyCore:avr:attiny1634:LTO=disable,clock=143external,eesave=aenable,bod=1v8,neopixelport=portb,millis=enabled,bodact=disabled,bodpd=disabled	1.8.10	3842	171	1	false	0	0		0	
2019-10-04 20:44:18	204	204.150	https://travis-ci.org/SpenceKonde/ATTinyCore/jobs/593667784	push	false	false	master	d4a3f963b275f18b33496ed78bb54f4b200efdd0	d18c34370528...d4a3f963b275	trailing whitespace	/home/travis/Arduino/hardware/ATTinyCore/avr/libraries/Wire/examples/master_writer/master_writer.ino	ATTinyCore:avr:attiny1634:LTO=disable,clock=143external,eesave=aenable,bod=1v8,neopixelport=portb,millis=enabled,bodact=disabled,bodpd=disabled	1.8.10	1942	65	1	false	0	0		0	
2019-10-04 20:44:21	204	204.150	https://travis-ci.org/SpenceKonde/ATTinyCore/jobs/593667784	push	false	false	master	d4a3f963b275f18b33496ed78bb54f4b200efdd0	d18c34370528...d4a3f963b275	trailing whitespace	/home/travis/Arduino/hardware/ATTinyCore/avr/libraries/Wire/examples/digital_potentiometer/digital_potentiometer.ino	ATTinyCore:avr:attiny1634:LTO=disable,clock=143external,eesave=aenable,bod=1v8,neopixelport=portb,millis=enabled,bodact=disabled,bodpd=disabled	1.8.10	1842	59	1	false	0	0		0	
2019-10-04 20:44:25	204	204.150	https://travis-ci.org/SpenceKonde/ATTinyCore/jobs/593667784	push	false	false	master	d4a3f963b275f18b33496ed78bb54f4b200efdd0	d18c34370528...d4a3f963b275	trailing whitespace	/home/travis/Arduino/hardware/ATTinyCore/avr/libraries/Wire/examples/slave_receiver/slave_receiver.ino	ATTinyCore:avr:attiny1634:LTO=disable,clock=143external,eesave=aenable,bod=1v8,neopixelport=portb,millis=enabled,bodact=disabled,bodpd=disabled	1.8.10	3016	167	2	false	0	0		0	
2019-10-04 20:44:29	204	204.150	https://travis-ci.org/SpenceKonde/ATTinyCore/jobs/593667784	push	false	false	master	d4a3f963b275f18b33496ed78bb54f4b200efdd0	d18c34370528...d4a3f963b275	trailing whitespace	/home/travis/Arduino/hardware/ATTinyCore/avr/libraries/Wire/examples/master_reader/master_reader.ino	ATTinyCore:avr:attiny1634:LTO=disable,clock=143external,eesave=aenable,bod=1v8,neopixelport=portb,millis=enabled,bodact=disabled,bodpd=disabled	1.8.10	3236	169	1	false	0	0		0	
2019-10-04 20:44:33	204	204.150	https://travis-ci.org/SpenceKonde/ATTinyCore/jobs/593667784	push	false	false	master	d4a3f963b275f18b33496ed78bb54f4b200efdd0	d18c34370528...d4a3f963b275	trailing whitespace	/home/travis/Arduino/hardware/ATTinyCore/avr/libraries/Wire/examples/slave_sender/slave_sender.ino	ATTinyCore:avr:attiny1634:LTO=disable,clock=143external,eesave=aenable,bod=1v8,neopixelport=portb,millis=enabled,bodact=disabled,bodpd=disabled	1.8.10	1550	65	1	false	0	0		0	
2019-10-04 20:44:36	204	204.150	https://travis-ci.org/SpenceKonde/ATTinyCore/jobs/593667784	push	false	false	master	d4a3f963b275f18b33496ed78bb54f4b200efdd0	d18c34370528...d4a3f963b275	trailing whitespace	/home/travis/Arduino/hardware/ATTinyCore/avr/libraries/Servo_ATTinyCore/examples/Knob/Knob.ino	ATTinyCore:avr:attiny1634:LTO=disable,clock=143external,eesave=aenable,bod=1v8,neopixelport=portb,millis=enabled,bodact=disabled,bodpd=disabled	1.8.10	2690	55	1	false	0	0		0	
2019-10-04 20:44:40	204	204.150	https://travis-ci.org/SpenceKonde/ATTinyCore/jobs/593667784	push	false	false	master	d4a3f963b275f18b33496ed78bb54f4b200efdd0	d18c34370528...d4a3f963b275	trailing whitespace	/home/travis/Arduino/hardware/ATTinyCore/avr/libraries/Servo_ATTinyCore/examples/Sweep/Sweep.ino	ATTinyCore:avr:attiny1634:LTO=disable,clock=143external,eesave=aenable,bod=1v8,neopixelport=portb,millis=enabled,bodact=disabled,bodpd=disabled	1.8.10	2636	52	1	false	0	0		0	
