Build Timestamp (UTC)	Build	Job	Job URL	Build Trigger	Allow Job Failure	PR#	Branch	Commit	Commit Range	Commit Message	Sketch Filename	Board ID	IDE Version	Program Storage (bytes)	Dynamic Memory (bytes)	# Warnings	Allow Failure	Exit Status	# Board Issues	Board Issue	# Library Issues	Library Issue
2019-03-25 04:07:26	19	19.149	https://travis-ci.org/SpenceKonde/ATTinyCore/jobs/510752075	push	false	false	master	449cee7805d71ed47c46f685c19b14927a6f05f1	28adba14817c...449cee7805d7	Merge pull request #306 from per1234/trim-trailing-whitespace	/home/travis/Arduino/hardware/ATTinyCore/avr/libraries/EEPROM/examples/eeprom_update/eeprom_update.ino	ATTinyCore:avr:attiny1634:LTO=disable,clock=11external,eesave=aenable,bod=1v8,bodact=disabled,bodpd=disabled	1.6.7	834	12	1	false	0	0		0	
2019-03-25 04:07:30	19	19.149	https://travis-ci.org/SpenceKonde/ATTinyCore/jobs/510752075	push	false	false	master	449cee7805d71ed47c46f685c19b14927a6f05f1	28adba14817c...449cee7805d7	Merge pull request #306 from per1234/trim-trailing-whitespace	/home/travis/Arduino/hardware/ATTinyCore/avr/libraries/EEPROM/examples/eeprom_crc/eeprom_crc.ino	ATTinyCore:avr:attiny1634:LTO=disable,clock=11external,eesave=aenable,bod=1v8,bodact=disabled,bodpd=disabled	1.6.7	2474	337	1	false	0	0		0	
2019-03-25 04:07:34	19	19.149	https://travis-ci.org/SpenceKonde/ATTinyCore/jobs/510752075	push	false	false	master	449cee7805d71ed47c46f685c19b14927a6f05f1	28adba14817c...449cee7805d7	Merge pull request #306 from per1234/trim-trailing-whitespace	/home/travis/Arduino/hardware/ATTinyCore/avr/libraries/EEPROM/examples/eeprom_iteration/eeprom_iteration.ino	ATTinyCore:avr:attiny1634:LTO=disable,clock=11external,eesave=aenable,bod=1v8,bodact=disabled,bodpd=disabled	1.6.7	622	9	3	false	0	0		0	
2019-03-25 04:07:39	19	19.149	https://travis-ci.org/SpenceKonde/ATTinyCore/jobs/510752075	push	false	false	master	449cee7805d71ed47c46f685c19b14927a6f05f1	28adba14817c...449cee7805d7	Merge pull request #306 from per1234/trim-trailing-whitespace	/home/travis/Arduino/hardware/ATTinyCore/avr/libraries/EEPROM/examples/eeprom_put/eeprom_put.ino	ATTinyCore:avr:attiny1634:LTO=disable,clock=11external,eesave=aenable,bod=1v8,bodact=disabled,bodpd=disabled	1.6.7	2134	367	0	false	0	0		0	
2019-03-25 04:07:43	19	19.149	https://travis-ci.org/SpenceKonde/ATTinyCore/jobs/510752075	push	false	false	master	449cee7805d71ed47c46f685c19b14927a6f05f1	28adba14817c...449cee7805d7	Merge pull request #306 from per1234/trim-trailing-whitespace	/home/travis/Arduino/hardware/ATTinyCore/avr/libraries/EEPROM/examples/eeprom_clear/eeprom_clear.ino	ATTinyCore:avr:attiny1634:LTO=disable,clock=11external,eesave=aenable,bod=1v8,bodact=disabled,bodpd=disabled	1.6.7	874	9	1	false	0	0		0	
2019-03-25 04:07:47	19	19.149	https://travis-ci.org/SpenceKonde/ATTinyCore/jobs/510752075	push	false	false	master	449cee7805d71ed47c46f685c19b14927a6f05f1	28adba14817c...449cee7805d7	Merge pull request #306 from per1234/trim-trailing-whitespace	/home/travis/Arduino/hardware/ATTinyCore/avr/libraries/EEPROM/examples/eeprom_read/eeprom_read.ino	ATTinyCore:avr:attiny1634:LTO=disable,clock=11external,eesave=aenable,bod=1v8,bodact=disabled,bodpd=disabled	1.6.7	2434	228	1	false	0	0		0	
2019-03-25 04:07:51	19	19.149	https://travis-ci.org/SpenceKonde/ATTinyCore/jobs/510752075	push	false	false	master	449cee7805d71ed47c46f685c19b14927a6f05f1	28adba14817c...449cee7805d7	Merge pull request #306 from per1234/trim-trailing-whitespace	/home/travis/Arduino/hardware/ATTinyCore/avr/libraries/EEPROM/examples/eeprom_get/eeprom_get.ino	ATTinyCore:avr:attiny1634:LTO=disable,clock=11external,eesave=aenable,bod=1v8,bodact=disabled,bodpd=disabled	1.6.7	4070	295	0	false	0	0		0	
2019-03-25 04:07:56	19	19.149	https://travis-ci.org/SpenceKonde/ATTinyCore/jobs/510752075	push	false	false	master	449cee7805d71ed47c46f685c19b14927a6f05f1	28adba14817c...449cee7805d7	Merge pull request #306 from per1234/trim-trailing-whitespace	/home/travis/Arduino/hardware/ATTinyCore/avr/libraries/EEPROM/examples/eeprom_write/eeprom_write.ino	ATTinyCore:avr:attiny1634:LTO=disable,clock=11external,eesave=aenable,bod=1v8,bodact=disabled,bodpd=disabled	1.6.7	784	12	1	false	0	0		0	
2019-03-25 04:08:00	19	19.149	https://travis-ci.org/SpenceKonde/ATTinyCore/jobs/510752075	push	false	false	master	449cee7805d71ed47c46f685c19b14927a6f05f1	28adba14817c...449cee7805d7	Merge pull request #306 from per1234/trim-trailing-whitespace	/home/travis/Arduino/hardware/ATTinyCore/avr/libraries/SoftwareSerial/examples/TwoPortReceive/TwoPortReceive.ino	ATTinyCore:avr:attiny1634:LTO=disable,clock=11external,eesave=aenable,bod=1v8,bodact=disabled,bodpd=disabled	1.6.7	3846	409	9	false	0	0		0	
2019-03-25 04:08:04	19	19.149	https://travis-ci.org/SpenceKonde/ATTinyCore/jobs/510752075	push	false	false	master	449cee7805d71ed47c46f685c19b14927a6f05f1	28adba14817c...449cee7805d7	Merge pull request #306 from per1234/trim-trailing-whitespace	/home/travis/Arduino/hardware/ATTinyCore/avr/libraries/SoftwareSerial/examples/SoftwareSerialExample/SoftwareSerialExample.ino	ATTinyCore:avr:attiny1634:LTO=disable,clock=11external,eesave=aenable,bod=1v8,bodact=disabled,bodpd=disabled	1.6.7	3760	368	9	false	0	0		0	
2019-03-25 04:08:08	19	19.149	https://travis-ci.org/SpenceKonde/ATTinyCore/jobs/510752075	push	false	false	master	449cee7805d71ed47c46f685c19b14927a6f05f1	28adba14817c...449cee7805d7	Merge pull request #306 from per1234/trim-trailing-whitespace	/home/travis/Arduino/hardware/ATTinyCore/avr/libraries/Servo/examples/Sweep/Sweep.ino	ATTinyCore:avr:attiny1634:LTO=disable,clock=11external,eesave=aenable,bod=1v8,bodact=disabled,bodpd=disabled	1.6.7	2888	56	1	false	0	0		0	
2019-03-25 04:08:13	19	19.149	https://travis-ci.org/SpenceKonde/ATTinyCore/jobs/510752075	push	false	false	master	449cee7805d71ed47c46f685c19b14927a6f05f1	28adba14817c...449cee7805d7	Merge pull request #306 from per1234/trim-trailing-whitespace	/home/travis/Arduino/hardware/ATTinyCore/avr/libraries/Servo/examples/Knob/Knob.ino	ATTinyCore:avr:attiny1634:LTO=disable,clock=11external,eesave=aenable,bod=1v8,bodact=disabled,bodpd=disabled	1.6.7	2944	59	1	false	0	0		0	
2019-03-25 04:08:17	19	19.149	https://travis-ci.org/SpenceKonde/ATTinyCore/jobs/510752075	push	false	false	master	449cee7805d71ed47c46f685c19b14927a6f05f1	28adba14817c...449cee7805d7	Merge pull request #306 from per1234/trim-trailing-whitespace	/home/travis/Arduino/hardware/ATTinyCore/avr/libraries/Wire/examples/slave_receiver/slave_receiver.ino	ATTinyCore:avr:attiny1634:LTO=disable,clock=11external,eesave=aenable,bod=1v8,bodact=disabled,bodpd=disabled	1.6.7	3114	270	1	false	0	0		0	
2019-03-25 04:08:21	19	19.149	https://travis-ci.org/SpenceKonde/ATTinyCore/jobs/510752075	push	false	false	master	449cee7805d71ed47c46f685c19b14927a6f05f1	28adba14817c...449cee7805d7	Merge pull request #306 from per1234/trim-trailing-whitespace	/home/travis/Arduino/hardware/ATTinyCore/avr/libraries/Wire/examples/digital_potentiometer/digital_potentiometer.ino	ATTinyCore:avr:attiny1634:LTO=disable,clock=11external,eesave=aenable,bod=1v8,bodact=disabled,bodpd=disabled	1.6.7	1854	59	0	false	0	0		0	
2019-03-25 04:08:26	19	19.149	https://travis-ci.org/SpenceKonde/ATTinyCore/jobs/510752075	push	false	false	master	449cee7805d71ed47c46f685c19b14927a6f05f1	28adba14817c...449cee7805d7	Merge pull request #306 from per1234/trim-trailing-whitespace	/home/travis/Arduino/hardware/ATTinyCore/avr/libraries/Wire/examples/SFRRanger_reader/SFRRanger_reader.ino	ATTinyCore:avr:attiny1634:LTO=disable,clock=11external,eesave=aenable,bod=1v8,bodact=disabled,bodpd=disabled	1.6.7	3936	274	0	false	0	0		0	
2019-03-25 04:08:30	19	19.149	https://travis-ci.org/SpenceKonde/ATTinyCore/jobs/510752075	push	false	false	master	449cee7805d71ed47c46f685c19b14927a6f05f1	28adba14817c...449cee7805d7	Merge pull request #306 from per1234/trim-trailing-whitespace	/home/travis/Arduino/hardware/ATTinyCore/avr/libraries/Wire/examples/slave_sender/slave_sender.ino	ATTinyCore:avr:attiny1634:LTO=disable,clock=11external,eesave=aenable,bod=1v8,bodact=disabled,bodpd=disabled	1.6.7	1580	65	0	false	0	0		0	
2019-03-25 04:08:35	19	19.149	https://travis-ci.org/SpenceKonde/ATTinyCore/jobs/510752075	push	false	false	master	449cee7805d71ed47c46f685c19b14927a6f05f1	28adba14817c...449cee7805d7	Merge pull request #306 from per1234/trim-trailing-whitespace	/home/travis/Arduino/hardware/ATTinyCore/avr/libraries/Wire/examples/master_reader/master_reader.ino	ATTinyCore:avr:attiny1634:LTO=disable,clock=11external,eesave=aenable,bod=1v8,bodact=disabled,bodpd=disabled	1.6.7	3314	272	0	false	0	0		0	
2019-03-25 04:08:39	19	19.149	https://travis-ci.org/SpenceKonde/ATTinyCore/jobs/510752075	push	false	false	master	449cee7805d71ed47c46f685c19b14927a6f05f1	28adba14817c...449cee7805d7	Merge pull request #306 from per1234/trim-trailing-whitespace	/home/travis/Arduino/hardware/ATTinyCore/avr/libraries/Wire/examples/master_writer/master_writer.ino	ATTinyCore:avr:attiny1634:LTO=disable,clock=11external,eesave=aenable,bod=1v8,bodact=disabled,bodpd=disabled	1.6.7	1956	65	0	false	0	0		0	
2019-03-25 04:08:43	19	19.149	https://travis-ci.org/SpenceKonde/ATTinyCore/jobs/510752075	push	false	false	master	449cee7805d71ed47c46f685c19b14927a6f05f1	28adba14817c...449cee7805d7	Merge pull request #306 from per1234/trim-trailing-whitespace	/home/travis/Arduino/hardware/ATTinyCore/avr/libraries/SPI/examples/BarometricPressureSensor/BarometricPressureSensor.ino	ATTinyCore:avr:attiny1634:LTO=disable,clock=11external,eesave=aenable,bod=1v8,bodact=disabled,bodpd=disabled	1.6.7	7100	278	1	false	0	0		0	
2019-03-25 04:08:48	19	19.149	https://travis-ci.org/SpenceKonde/ATTinyCore/jobs/510752075	push	false	false	master	449cee7805d71ed47c46f685c19b14927a6f05f1	28adba14817c...449cee7805d7	Merge pull request #306 from per1234/trim-trailing-whitespace	/home/travis/Arduino/hardware/ATTinyCore/avr/libraries/SPI/examples/DigitalPotControl/DigitalPotControl.ino	ATTinyCore:avr:attiny1634:LTO=disable,clock=11external,eesave=aenable,bod=1v8,bodact=disabled,bodpd=disabled	1.6.7	1508	14	0	false	0	0		0	
2019-03-25 04:08:52	19	19.149	https://travis-ci.org/SpenceKonde/ATTinyCore/jobs/510752075	push	false	false	master	449cee7805d71ed47c46f685c19b14927a6f05f1	28adba14817c...449cee7805d7	Merge pull request #306 from per1234/trim-trailing-whitespace	/home/travis/Arduino/hardware/ATTinyCore/avr/libraries/ATTinyCore/examples/TemperatureRead/TemperatureRead.ino	ATTinyCore:avr:attiny1634:LTO=disable,clock=11external,eesave=aenable,bod=1v8,bodact=disabled,bodpd=disabled	1.6.7	2400	230	0	false	0	0		0	
2019-03-25 04:08:59	19	19.149	https://travis-ci.org/SpenceKonde/ATTinyCore/jobs/510752075	push	false	false	master	449cee7805d71ed47c46f685c19b14927a6f05f1	28adba14817c...449cee7805d7	Merge pull request #306 from per1234/trim-trailing-whitespace	/home/travis/Arduino/hardware/ATTinyCore/avr/libraries/EEPROM/examples/eeprom_update/eeprom_update.ino	ATTinyCore:avr:attiny1634:LTO=disable,clock=11external,eesave=aenable,bod=1v8,bodact=disabled,bodpd=disabled	1.6.9	834	12	1	false	0	0		0	
2019-03-25 04:09:04	19	19.149	https://travis-ci.org/SpenceKonde/ATTinyCore/jobs/510752075	push	false	false	master	449cee7805d71ed47c46f685c19b14927a6f05f1	28adba14817c...449cee7805d7	Merge pull request #306 from per1234/trim-trailing-whitespace	/home/travis/Arduino/hardware/ATTinyCore/avr/libraries/EEPROM/examples/eeprom_crc/eeprom_crc.ino	ATTinyCore:avr:attiny1634:LTO=disable,clock=11external,eesave=aenable,bod=1v8,bodact=disabled,bodpd=disabled	1.6.9	2474	337	1	false	0	0		0	
2019-03-25 04:09:08	19	19.149	https://travis-ci.org/SpenceKonde/ATTinyCore/jobs/510752075	push	false	false	master	449cee7805d71ed47c46f685c19b14927a6f05f1	28adba14817c...449cee7805d7	Merge pull request #306 from per1234/trim-trailing-whitespace	/home/travis/Arduino/hardware/ATTinyCore/avr/libraries/EEPROM/examples/eeprom_iteration/eeprom_iteration.ino	ATTinyCore:avr:attiny1634:LTO=disable,clock=11external,eesave=aenable,bod=1v8,bodact=disabled,bodpd=disabled	1.6.9	622	9	3	false	0	0		0	
2019-03-25 04:09:12	19	19.149	https://travis-ci.org/SpenceKonde/ATTinyCore/jobs/510752075	push	false	false	master	449cee7805d71ed47c46f685c19b14927a6f05f1	28adba14817c...449cee7805d7	Merge pull request #306 from per1234/trim-trailing-whitespace	/home/travis/Arduino/hardware/ATTinyCore/avr/libraries/EEPROM/examples/eeprom_put/eeprom_put.ino	ATTinyCore:avr:attiny1634:LTO=disable,clock=11external,eesave=aenable,bod=1v8,bodact=disabled,bodpd=disabled	1.6.9	2134	367	0	false	0	0		0	
2019-03-25 04:09:17	19	19.149	https://travis-ci.org/SpenceKonde/ATTinyCore/jobs/510752075	push	false	false	master	449cee7805d71ed47c46f685c19b14927a6f05f1	28adba14817c...449cee7805d7	Merge pull request #306 from per1234/trim-trailing-whitespace	/home/travis/Arduino/hardware/ATTinyCore/avr/libraries/EEPROM/examples/eeprom_clear/eeprom_clear.ino	ATTinyCore:avr:attiny1634:LTO=disable,clock=11external,eesave=aenable,bod=1v8,bodact=disabled,bodpd=disabled	1.6.9	874	9	1	false	0	0		0	
2019-03-25 04:09:21	19	19.149	https://travis-ci.org/SpenceKonde/ATTinyCore/jobs/510752075	push	false	false	master	449cee7805d71ed47c46f685c19b14927a6f05f1	28adba14817c...449cee7805d7	Merge pull request #306 from per1234/trim-trailing-whitespace	/home/travis/Arduino/hardware/ATTinyCore/avr/libraries/EEPROM/examples/eeprom_read/eeprom_read.ino	ATTinyCore:avr:attiny1634:LTO=disable,clock=11external,eesave=aenable,bod=1v8,bodact=disabled,bodpd=disabled	1.6.9	2434	228	1	false	0	0		0	
2019-03-25 04:09:26	19	19.149	https://travis-ci.org/SpenceKonde/ATTinyCore/jobs/510752075	push	false	false	master	449cee7805d71ed47c46f685c19b14927a6f05f1	28adba14817c...449cee7805d7	Merge pull request #306 from per1234/trim-trailing-whitespace	/home/travis/Arduino/hardware/ATTinyCore/avr/libraries/EEPROM/examples/eeprom_get/eeprom_get.ino	ATTinyCore:avr:attiny1634:LTO=disable,clock=11external,eesave=aenable,bod=1v8,bodact=disabled,bodpd=disabled	1.6.9	4070	295	0	false	0	0		0	
2019-03-25 04:09:31	19	19.149	https://travis-ci.org/SpenceKonde/ATTinyCore/jobs/510752075	push	false	false	master	449cee7805d71ed47c46f685c19b14927a6f05f1	28adba14817c...449cee7805d7	Merge pull request #306 from per1234/trim-trailing-whitespace	/home/travis/Arduino/hardware/ATTinyCore/avr/libraries/EEPROM/examples/eeprom_write/eeprom_write.ino	ATTinyCore:avr:attiny1634:LTO=disable,clock=11external,eesave=aenable,bod=1v8,bodact=disabled,bodpd=disabled	1.6.9	784	12	1	false	0	0		0	
2019-03-25 04:09:36	19	19.149	https://travis-ci.org/SpenceKonde/ATTinyCore/jobs/510752075	push	false	false	master	449cee7805d71ed47c46f685c19b14927a6f05f1	28adba14817c...449cee7805d7	Merge pull request #306 from per1234/trim-trailing-whitespace	/home/travis/Arduino/hardware/ATTinyCore/avr/libraries/SoftwareSerial/examples/TwoPortReceive/TwoPortReceive.ino	ATTinyCore:avr:attiny1634:LTO=disable,clock=11external,eesave=aenable,bod=1v8,bodact=disabled,bodpd=disabled	1.6.9	3846	409	9	false	0	0		0	
2019-03-25 04:09:40	19	19.149	https://travis-ci.org/SpenceKonde/ATTinyCore/jobs/510752075	push	false	false	master	449cee7805d71ed47c46f685c19b14927a6f05f1	28adba14817c...449cee7805d7	Merge pull request #306 from per1234/trim-trailing-whitespace	/home/travis/Arduino/hardware/ATTinyCore/avr/libraries/SoftwareSerial/examples/SoftwareSerialExample/SoftwareSerialExample.ino	ATTinyCore:avr:attiny1634:LTO=disable,clock=11external,eesave=aenable,bod=1v8,bodact=disabled,bodpd=disabled	1.6.9	3760	368	9	false	0	0		0	
2019-03-25 04:09:45	19	19.149	https://travis-ci.org/SpenceKonde/ATTinyCore/jobs/510752075	push	false	false	master	449cee7805d71ed47c46f685c19b14927a6f05f1	28adba14817c...449cee7805d7	Merge pull request #306 from per1234/trim-trailing-whitespace	/home/travis/Arduino/hardware/ATTinyCore/avr/libraries/Servo/examples/Sweep/Sweep.ino	ATTinyCore:avr:attiny1634:LTO=disable,clock=11external,eesave=aenable,bod=1v8,bodact=disabled,bodpd=disabled	1.6.9	2888	56	1	false	0	0		0	
2019-03-25 04:09:49	19	19.149	https://travis-ci.org/SpenceKonde/ATTinyCore/jobs/510752075	push	false	false	master	449cee7805d71ed47c46f685c19b14927a6f05f1	28adba14817c...449cee7805d7	Merge pull request #306 from per1234/trim-trailing-whitespace	/home/travis/Arduino/hardware/ATTinyCore/avr/libraries/Servo/examples/Knob/Knob.ino	ATTinyCore:avr:attiny1634:LTO=disable,clock=11external,eesave=aenable,bod=1v8,bodact=disabled,bodpd=disabled	1.6.9	2944	59	1	false	0	0		0	
2019-03-25 04:09:54	19	19.149	https://travis-ci.org/SpenceKonde/ATTinyCore/jobs/510752075	push	false	false	master	449cee7805d71ed47c46f685c19b14927a6f05f1	28adba14817c...449cee7805d7	Merge pull request #306 from per1234/trim-trailing-whitespace	/home/travis/Arduino/hardware/ATTinyCore/avr/libraries/Wire/examples/slave_receiver/slave_receiver.ino	ATTinyCore:avr:attiny1634:LTO=disable,clock=11external,eesave=aenable,bod=1v8,bodact=disabled,bodpd=disabled	1.6.9	3114	270	1	false	0	0		0	
2019-03-25 04:09:59	19	19.149	https://travis-ci.org/SpenceKonde/ATTinyCore/jobs/510752075	push	false	false	master	449cee7805d71ed47c46f685c19b14927a6f05f1	28adba14817c...449cee7805d7	Merge pull request #306 from per1234/trim-trailing-whitespace	/home/travis/Arduino/hardware/ATTinyCore/avr/libraries/Wire/examples/digital_potentiometer/digital_potentiometer.ino	ATTinyCore:avr:attiny1634:LTO=disable,clock=11external,eesave=aenable,bod=1v8,bodact=disabled,bodpd=disabled	1.6.9	1854	59	0	false	0	0		0	
2019-03-25 04:10:03	19	19.149	https://travis-ci.org/SpenceKonde/ATTinyCore/jobs/510752075	push	false	false	master	449cee7805d71ed47c46f685c19b14927a6f05f1	28adba14817c...449cee7805d7	Merge pull request #306 from per1234/trim-trailing-whitespace	/home/travis/Arduino/hardware/ATTinyCore/avr/libraries/Wire/examples/SFRRanger_reader/SFRRanger_reader.ino	ATTinyCore:avr:attiny1634:LTO=disable,clock=11external,eesave=aenable,bod=1v8,bodact=disabled,bodpd=disabled	1.6.9	3936	274	0	false	0	0		0	
2019-03-25 04:10:08	19	19.149	https://travis-ci.org/SpenceKonde/ATTinyCore/jobs/510752075	push	false	false	master	449cee7805d71ed47c46f685c19b14927a6f05f1	28adba14817c...449cee7805d7	Merge pull request #306 from per1234/trim-trailing-whitespace	/home/travis/Arduino/hardware/ATTinyCore/avr/libraries/Wire/examples/slave_sender/slave_sender.ino	ATTinyCore:avr:attiny1634:LTO=disable,clock=11external,eesave=aenable,bod=1v8,bodact=disabled,bodpd=disabled	1.6.9	1580	65	0	false	0	0		0	
2019-03-25 04:10:12	19	19.149	https://travis-ci.org/SpenceKonde/ATTinyCore/jobs/510752075	push	false	false	master	449cee7805d71ed47c46f685c19b14927a6f05f1	28adba14817c...449cee7805d7	Merge pull request #306 from per1234/trim-trailing-whitespace	/home/travis/Arduino/hardware/ATTinyCore/avr/libraries/Wire/examples/master_reader/master_reader.ino	ATTinyCore:avr:attiny1634:LTO=disable,clock=11external,eesave=aenable,bod=1v8,bodact=disabled,bodpd=disabled	1.6.9	3314	272	0	false	0	0		0	
2019-03-25 04:10:17	19	19.149	https://travis-ci.org/SpenceKonde/ATTinyCore/jobs/510752075	push	false	false	master	449cee7805d71ed47c46f685c19b14927a6f05f1	28adba14817c...449cee7805d7	Merge pull request #306 from per1234/trim-trailing-whitespace	/home/travis/Arduino/hardware/ATTinyCore/avr/libraries/Wire/examples/master_writer/master_writer.ino	ATTinyCore:avr:attiny1634:LTO=disable,clock=11external,eesave=aenable,bod=1v8,bodact=disabled,bodpd=disabled	1.6.9	1956	65	0	false	0	0		0	
2019-03-25 04:10:22	19	19.149	https://travis-ci.org/SpenceKonde/ATTinyCore/jobs/510752075	push	false	false	master	449cee7805d71ed47c46f685c19b14927a6f05f1	28adba14817c...449cee7805d7	Merge pull request #306 from per1234/trim-trailing-whitespace	/home/travis/Arduino/hardware/ATTinyCore/avr/libraries/SPI/examples/BarometricPressureSensor/BarometricPressureSensor.ino	ATTinyCore:avr:attiny1634:LTO=disable,clock=11external,eesave=aenable,bod=1v8,bodact=disabled,bodpd=disabled	1.6.9	7100	278	1	false	0	0		0	
2019-03-25 04:10:26	19	19.149	https://travis-ci.org/SpenceKonde/ATTinyCore/jobs/510752075	push	false	false	master	449cee7805d71ed47c46f685c19b14927a6f05f1	28adba14817c...449cee7805d7	Merge pull request #306 from per1234/trim-trailing-whitespace	/home/travis/Arduino/hardware/ATTinyCore/avr/libraries/SPI/examples/DigitalPotControl/DigitalPotControl.ino	ATTinyCore:avr:attiny1634:LTO=disable,clock=11external,eesave=aenable,bod=1v8,bodact=disabled,bodpd=disabled	1.6.9	1508	14	0	false	0	0		0	
2019-03-25 04:10:30	19	19.149	https://travis-ci.org/SpenceKonde/ATTinyCore/jobs/510752075	push	false	false	master	449cee7805d71ed47c46f685c19b14927a6f05f1	28adba14817c...449cee7805d7	Merge pull request #306 from per1234/trim-trailing-whitespace	/home/travis/Arduino/hardware/ATTinyCore/avr/libraries/ATTinyCore/examples/TemperatureRead/TemperatureRead.ino	ATTinyCore:avr:attiny1634:LTO=disable,clock=11external,eesave=aenable,bod=1v8,bodact=disabled,bodpd=disabled	1.6.9	2400	230	0	false	0	0		0	
2019-03-25 04:10:38	19	19.149	https://travis-ci.org/SpenceKonde/ATTinyCore/jobs/510752075	push	false	false	master	449cee7805d71ed47c46f685c19b14927a6f05f1	28adba14817c...449cee7805d7	Merge pull request #306 from per1234/trim-trailing-whitespace	/home/travis/Arduino/hardware/ATTinyCore/avr/libraries/EEPROM/examples/eeprom_update/eeprom_update.ino	ATTinyCore:avr:attiny1634:LTO=disable,clock=11external,eesave=aenable,bod=1v8,bodact=disabled,bodpd=disabled	1.6.13	824	12	1	false	0	0		0	
2019-03-25 04:10:42	19	19.149	https://travis-ci.org/SpenceKonde/ATTinyCore/jobs/510752075	push	false	false	master	449cee7805d71ed47c46f685c19b14927a6f05f1	28adba14817c...449cee7805d7	Merge pull request #306 from per1234/trim-trailing-whitespace	/home/travis/Arduino/hardware/ATTinyCore/avr/libraries/EEPROM/examples/eeprom_crc/eeprom_crc.ino	ATTinyCore:avr:attiny1634:LTO=disable,clock=11external,eesave=aenable,bod=1v8,bodact=disabled,bodpd=disabled	1.6.13	2384	337	1	false	0	0		0	
2019-03-25 04:10:47	19	19.149	https://travis-ci.org/SpenceKonde/ATTinyCore/jobs/510752075	push	false	false	master	449cee7805d71ed47c46f685c19b14927a6f05f1	28adba14817c...449cee7805d7	Merge pull request #306 from per1234/trim-trailing-whitespace	/home/travis/Arduino/hardware/ATTinyCore/avr/libraries/EEPROM/examples/eeprom_iteration/eeprom_iteration.ino	ATTinyCore:avr:attiny1634:LTO=disable,clock=11external,eesave=aenable,bod=1v8,bodact=disabled,bodpd=disabled	1.6.13	622	9	3	false	0	0		0	
2019-03-25 04:10:52	19	19.149	https://travis-ci.org/SpenceKonde/ATTinyCore/jobs/510752075	push	false	false	master	449cee7805d71ed47c46f685c19b14927a6f05f1	28adba14817c...449cee7805d7	Merge pull request #306 from per1234/trim-trailing-whitespace	/home/travis/Arduino/hardware/ATTinyCore/avr/libraries/EEPROM/examples/eeprom_put/eeprom_put.ino	ATTinyCore:avr:attiny1634:LTO=disable,clock=11external,eesave=aenable,bod=1v8,bodact=disabled,bodpd=disabled	1.6.13	2060	367	0	false	0	0		0	
2019-03-25 04:10:56	19	19.149	https://travis-ci.org/SpenceKonde/ATTinyCore/jobs/510752075	push	false	false	master	449cee7805d71ed47c46f685c19b14927a6f05f1	28adba14817c...449cee7805d7	Merge pull request #306 from per1234/trim-trailing-whitespace	/home/travis/Arduino/hardware/ATTinyCore/avr/libraries/EEPROM/examples/eeprom_clear/eeprom_clear.ino	ATTinyCore:avr:attiny1634:LTO=disable,clock=11external,eesave=aenable,bod=1v8,bodact=disabled,bodpd=disabled	1.6.13	856	9	1	false	0	0		0	
2019-03-25 04:11:01	19	19.149	https://travis-ci.org/SpenceKonde/ATTinyCore/jobs/510752075	push	false	false	master	449cee7805d71ed47c46f685c19b14927a6f05f1	28adba14817c...449cee7805d7	Merge pull request #306 from per1234/trim-trailing-whitespace	/home/travis/Arduino/hardware/ATTinyCore/avr/libraries/EEPROM/examples/eeprom_read/eeprom_read.ino	ATTinyCore:avr:attiny1634:LTO=disable,clock=11external,eesave=aenable,bod=1v8,bodact=disabled,bodpd=disabled	1.6.13	2336	228	1	false	0	0		0	
2019-03-25 04:11:05	19	19.149	https://travis-ci.org/SpenceKonde/ATTinyCore/jobs/510752075	push	false	false	master	449cee7805d71ed47c46f685c19b14927a6f05f1	28adba14817c...449cee7805d7	Merge pull request #306 from per1234/trim-trailing-whitespace	/home/travis/Arduino/hardware/ATTinyCore/avr/libraries/EEPROM/examples/eeprom_get/eeprom_get.ino	ATTinyCore:avr:attiny1634:LTO=disable,clock=11external,eesave=aenable,bod=1v8,bodact=disabled,bodpd=disabled	1.6.13	4044	295	0	false	0	0		0	
2019-03-25 04:11:10	19	19.149	https://travis-ci.org/SpenceKonde/ATTinyCore/jobs/510752075	push	false	false	master	449cee7805d71ed47c46f685c19b14927a6f05f1	28adba14817c...449cee7805d7	Merge pull request #306 from per1234/trim-trailing-whitespace	/home/travis/Arduino/hardware/ATTinyCore/avr/libraries/EEPROM/examples/eeprom_write/eeprom_write.ino	ATTinyCore:avr:attiny1634:LTO=disable,clock=11external,eesave=aenable,bod=1v8,bodact=disabled,bodpd=disabled	1.6.13	774	12	1	false	0	0		0	
2019-03-25 04:11:15	19	19.149	https://travis-ci.org/SpenceKonde/ATTinyCore/jobs/510752075	push	false	false	master	449cee7805d71ed47c46f685c19b14927a6f05f1	28adba14817c...449cee7805d7	Merge pull request #306 from per1234/trim-trailing-whitespace	/home/travis/Arduino/hardware/ATTinyCore/avr/libraries/SoftwareSerial/examples/TwoPortReceive/TwoPortReceive.ino	ATTinyCore:avr:attiny1634:LTO=disable,clock=11external,eesave=aenable,bod=1v8,bodact=disabled,bodpd=disabled	1.6.13	3772	409	9	false	0	0		0	
2019-03-25 04:11:20	19	19.149	https://travis-ci.org/SpenceKonde/ATTinyCore/jobs/510752075	push	false	false	master	449cee7805d71ed47c46f685c19b14927a6f05f1	28adba14817c...449cee7805d7	Merge pull request #306 from per1234/trim-trailing-whitespace	/home/travis/Arduino/hardware/ATTinyCore/avr/libraries/SoftwareSerial/examples/SoftwareSerialExample/SoftwareSerialExample.ino	ATTinyCore:avr:attiny1634:LTO=disable,clock=11external,eesave=aenable,bod=1v8,bodact=disabled,bodpd=disabled	1.6.13	3686	368	9	false	0	0		0	
2019-03-25 04:11:24	19	19.149	https://travis-ci.org/SpenceKonde/ATTinyCore/jobs/510752075	push	false	false	master	449cee7805d71ed47c46f685c19b14927a6f05f1	28adba14817c...449cee7805d7	Merge pull request #306 from per1234/trim-trailing-whitespace	/home/travis/Arduino/hardware/ATTinyCore/avr/libraries/Servo/examples/Sweep/Sweep.ino	ATTinyCore:avr:attiny1634:LTO=disable,clock=11external,eesave=aenable,bod=1v8,bodact=disabled,bodpd=disabled	1.6.13	2854	56	1	false	0	0		0	
2019-03-25 04:11:29	19	19.149	https://travis-ci.org/SpenceKonde/ATTinyCore/jobs/510752075	push	false	false	master	449cee7805d71ed47c46f685c19b14927a6f05f1	28adba14817c...449cee7805d7	Merge pull request #306 from per1234/trim-trailing-whitespace	/home/travis/Arduino/hardware/ATTinyCore/avr/libraries/Servo/examples/Knob/Knob.ino	ATTinyCore:avr:attiny1634:LTO=disable,clock=11external,eesave=aenable,bod=1v8,bodact=disabled,bodpd=disabled	1.6.13	2908	59	1	false	0	0		0	
2019-03-25 04:11:34	19	19.149	https://travis-ci.org/SpenceKonde/ATTinyCore/jobs/510752075	push	false	false	master	449cee7805d71ed47c46f685c19b14927a6f05f1	28adba14817c...449cee7805d7	Merge pull request #306 from per1234/trim-trailing-whitespace	/home/travis/Arduino/hardware/ATTinyCore/avr/libraries/Wire/examples/slave_receiver/slave_receiver.ino	ATTinyCore:avr:attiny1634:LTO=disable,clock=11external,eesave=aenable,bod=1v8,bodact=disabled,bodpd=disabled	1.6.13	3020	270	1	false	0	0		0	
2019-03-25 04:11:38	19	19.149	https://travis-ci.org/SpenceKonde/ATTinyCore/jobs/510752075	push	false	false	master	449cee7805d71ed47c46f685c19b14927a6f05f1	28adba14817c...449cee7805d7	Merge pull request #306 from per1234/trim-trailing-whitespace	/home/travis/Arduino/hardware/ATTinyCore/avr/libraries/Wire/examples/digital_potentiometer/digital_potentiometer.ino	ATTinyCore:avr:attiny1634:LTO=disable,clock=11external,eesave=aenable,bod=1v8,bodact=disabled,bodpd=disabled	1.6.13	1834	59	0	false	0	0		0	
2019-03-25 04:11:43	19	19.149	https://travis-ci.org/SpenceKonde/ATTinyCore/jobs/510752075	push	false	false	master	449cee7805d71ed47c46f685c19b14927a6f05f1	28adba14817c...449cee7805d7	Merge pull request #306 from per1234/trim-trailing-whitespace	/home/travis/Arduino/hardware/ATTinyCore/avr/libraries/Wire/examples/SFRRanger_reader/SFRRanger_reader.ino	ATTinyCore:avr:attiny1634:LTO=disable,clock=11external,eesave=aenable,bod=1v8,bodact=disabled,bodpd=disabled	1.6.13	3830	274	0	false	0	0		0	
2019-03-25 04:11:48	19	19.149	https://travis-ci.org/SpenceKonde/ATTinyCore/jobs/510752075	push	false	false	master	449cee7805d71ed47c46f685c19b14927a6f05f1	28adba14817c...449cee7805d7	Merge pull request #306 from per1234/trim-trailing-whitespace	/home/travis/Arduino/hardware/ATTinyCore/avr/libraries/Wire/examples/slave_sender/slave_sender.ino	ATTinyCore:avr:attiny1634:LTO=disable,clock=11external,eesave=aenable,bod=1v8,bodact=disabled,bodpd=disabled	1.6.13	1558	65	0	false	0	0		0	
2019-03-25 04:11:53	19	19.149	https://travis-ci.org/SpenceKonde/ATTinyCore/jobs/510752075	push	false	false	master	449cee7805d71ed47c46f685c19b14927a6f05f1	28adba14817c...449cee7805d7	Merge pull request #306 from per1234/trim-trailing-whitespace	/home/travis/Arduino/hardware/ATTinyCore/avr/libraries/Wire/examples/master_reader/master_reader.ino	ATTinyCore:avr:attiny1634:LTO=disable,clock=11external,eesave=aenable,bod=1v8,bodact=disabled,bodpd=disabled	1.6.13	3218	272	0	false	0	0		0	
2019-03-25 04:11:57	19	19.149	https://travis-ci.org/SpenceKonde/ATTinyCore/jobs/510752075	push	false	false	master	449cee7805d71ed47c46f685c19b14927a6f05f1	28adba14817c...449cee7805d7	Merge pull request #306 from per1234/trim-trailing-whitespace	/home/travis/Arduino/hardware/ATTinyCore/avr/libraries/Wire/examples/master_writer/master_writer.ino	ATTinyCore:avr:attiny1634:LTO=disable,clock=11external,eesave=aenable,bod=1v8,bodact=disabled,bodpd=disabled	1.6.13	1934	65	0	false	0	0		0	
2019-03-25 04:12:02	19	19.149	https://travis-ci.org/SpenceKonde/ATTinyCore/jobs/510752075	push	false	false	master	449cee7805d71ed47c46f685c19b14927a6f05f1	28adba14817c...449cee7805d7	Merge pull request #306 from per1234/trim-trailing-whitespace	/home/travis/Arduino/hardware/ATTinyCore/avr/libraries/SPI/examples/BarometricPressureSensor/BarometricPressureSensor.ino	ATTinyCore:avr:attiny1634:LTO=disable,clock=11external,eesave=aenable,bod=1v8,bodact=disabled,bodpd=disabled	1.6.13	7052	278	1	false	0	0		0	
2019-03-25 04:12:07	19	19.149	https://travis-ci.org/SpenceKonde/ATTinyCore/jobs/510752075	push	false	false	master	449cee7805d71ed47c46f685c19b14927a6f05f1	28adba14817c...449cee7805d7	Merge pull request #306 from per1234/trim-trailing-whitespace	/home/travis/Arduino/hardware/ATTinyCore/avr/libraries/SPI/examples/DigitalPotControl/DigitalPotControl.ino	ATTinyCore:avr:attiny1634:LTO=disable,clock=11external,eesave=aenable,bod=1v8,bodact=disabled,bodpd=disabled	1.6.13	1480	14	0	false	0	0		0	
2019-03-25 04:12:11	19	19.149	https://travis-ci.org/SpenceKonde/ATTinyCore/jobs/510752075	push	false	false	master	449cee7805d71ed47c46f685c19b14927a6f05f1	28adba14817c...449cee7805d7	Merge pull request #306 from per1234/trim-trailing-whitespace	/home/travis/Arduino/hardware/ATTinyCore/avr/libraries/ATTinyCore/examples/TemperatureRead/TemperatureRead.ino	ATTinyCore:avr:attiny1634:LTO=disable,clock=11external,eesave=aenable,bod=1v8,bodact=disabled,bodpd=disabled	1.6.13	2302	230	0	false	0	0		0	
2019-03-25 04:12:17	19	19.149	https://travis-ci.org/SpenceKonde/ATTinyCore/jobs/510752075	push	false	false	master	449cee7805d71ed47c46f685c19b14927a6f05f1	28adba14817c...449cee7805d7	Merge pull request #306 from per1234/trim-trailing-whitespace	/home/travis/Arduino/hardware/ATTinyCore/avr/libraries/EEPROM/examples/eeprom_update/eeprom_update.ino	ATTinyCore:avr:attiny1634:LTO=disable,clock=11external,eesave=aenable,bod=1v8,bodact=disabled,bodpd=disabled	1.8.5	824	12	1	false	0	0		0	
2019-03-25 04:12:20	19	19.149	https://travis-ci.org/SpenceKonde/ATTinyCore/jobs/510752075	push	false	false	master	449cee7805d71ed47c46f685c19b14927a6f05f1	28adba14817c...449cee7805d7	Merge pull request #306 from per1234/trim-trailing-whitespace	/home/travis/Arduino/hardware/ATTinyCore/avr/libraries/EEPROM/examples/eeprom_crc/eeprom_crc.ino	ATTinyCore:avr:attiny1634:LTO=disable,clock=11external,eesave=aenable,bod=1v8,bodact=disabled,bodpd=disabled	1.8.5	2384	337	1	false	0	0		0	
2019-03-25 04:12:23	19	19.149	https://travis-ci.org/SpenceKonde/ATTinyCore/jobs/510752075	push	false	false	master	449cee7805d71ed47c46f685c19b14927a6f05f1	28adba14817c...449cee7805d7	Merge pull request #306 from per1234/trim-trailing-whitespace	/home/travis/Arduino/hardware/ATTinyCore/avr/libraries/EEPROM/examples/eeprom_iteration/eeprom_iteration.ino	ATTinyCore:avr:attiny1634:LTO=disable,clock=11external,eesave=aenable,bod=1v8,bodact=disabled,bodpd=disabled	1.8.5	622	9	3	false	0	0		0	
2019-03-25 04:12:26	19	19.149	https://travis-ci.org/SpenceKonde/ATTinyCore/jobs/510752075	push	false	false	master	449cee7805d71ed47c46f685c19b14927a6f05f1	28adba14817c...449cee7805d7	Merge pull request #306 from per1234/trim-trailing-whitespace	/home/travis/Arduino/hardware/ATTinyCore/avr/libraries/EEPROM/examples/eeprom_put/eeprom_put.ino	ATTinyCore:avr:attiny1634:LTO=disable,clock=11external,eesave=aenable,bod=1v8,bodact=disabled,bodpd=disabled	1.8.5	2060	367	0	false	0	0		0	
2019-03-25 04:12:29	19	19.149	https://travis-ci.org/SpenceKonde/ATTinyCore/jobs/510752075	push	false	false	master	449cee7805d71ed47c46f685c19b14927a6f05f1	28adba14817c...449cee7805d7	Merge pull request #306 from per1234/trim-trailing-whitespace	/home/travis/Arduino/hardware/ATTinyCore/avr/libraries/EEPROM/examples/eeprom_clear/eeprom_clear.ino	ATTinyCore:avr:attiny1634:LTO=disable,clock=11external,eesave=aenable,bod=1v8,bodact=disabled,bodpd=disabled	1.8.5	856	9	1	false	0	0		0	
2019-03-25 04:12:32	19	19.149	https://travis-ci.org/SpenceKonde/ATTinyCore/jobs/510752075	push	false	false	master	449cee7805d71ed47c46f685c19b14927a6f05f1	28adba14817c...449cee7805d7	Merge pull request #306 from per1234/trim-trailing-whitespace	/home/travis/Arduino/hardware/ATTinyCore/avr/libraries/EEPROM/examples/eeprom_read/eeprom_read.ino	ATTinyCore:avr:attiny1634:LTO=disable,clock=11external,eesave=aenable,bod=1v8,bodact=disabled,bodpd=disabled	1.8.5	2336	228	1	false	0	0		0	
2019-03-25 04:12:35	19	19.149	https://travis-ci.org/SpenceKonde/ATTinyCore/jobs/510752075	push	false	false	master	449cee7805d71ed47c46f685c19b14927a6f05f1	28adba14817c...449cee7805d7	Merge pull request #306 from per1234/trim-trailing-whitespace	/home/travis/Arduino/hardware/ATTinyCore/avr/libraries/EEPROM/examples/eeprom_get/eeprom_get.ino	ATTinyCore:avr:attiny1634:LTO=disable,clock=11external,eesave=aenable,bod=1v8,bodact=disabled,bodpd=disabled	1.8.5	4044	295	0	false	0	0		0	
2019-03-25 04:12:38	19	19.149	https://travis-ci.org/SpenceKonde/ATTinyCore/jobs/510752075	push	false	false	master	449cee7805d71ed47c46f685c19b14927a6f05f1	28adba14817c...449cee7805d7	Merge pull request #306 from per1234/trim-trailing-whitespace	/home/travis/Arduino/hardware/ATTinyCore/avr/libraries/EEPROM/examples/eeprom_write/eeprom_write.ino	ATTinyCore:avr:attiny1634:LTO=disable,clock=11external,eesave=aenable,bod=1v8,bodact=disabled,bodpd=disabled	1.8.5	774	12	1	false	0	0		0	
2019-03-25 04:12:41	19	19.149	https://travis-ci.org/SpenceKonde/ATTinyCore/jobs/510752075	push	false	false	master	449cee7805d71ed47c46f685c19b14927a6f05f1	28adba14817c...449cee7805d7	Merge pull request #306 from per1234/trim-trailing-whitespace	/home/travis/Arduino/hardware/ATTinyCore/avr/libraries/SoftwareSerial/examples/TwoPortReceive/TwoPortReceive.ino	ATTinyCore:avr:attiny1634:LTO=disable,clock=11external,eesave=aenable,bod=1v8,bodact=disabled,bodpd=disabled	1.8.5	3772	409	9	false	0	0		0	
2019-03-25 04:12:45	19	19.149	https://travis-ci.org/SpenceKonde/ATTinyCore/jobs/510752075	push	false	false	master	449cee7805d71ed47c46f685c19b14927a6f05f1	28adba14817c...449cee7805d7	Merge pull request #306 from per1234/trim-trailing-whitespace	/home/travis/Arduino/hardware/ATTinyCore/avr/libraries/SoftwareSerial/examples/SoftwareSerialExample/SoftwareSerialExample.ino	ATTinyCore:avr:attiny1634:LTO=disable,clock=11external,eesave=aenable,bod=1v8,bodact=disabled,bodpd=disabled	1.8.5	3686	368	9	false	0	0		0	
2019-03-25 04:12:48	19	19.149	https://travis-ci.org/SpenceKonde/ATTinyCore/jobs/510752075	push	false	false	master	449cee7805d71ed47c46f685c19b14927a6f05f1	28adba14817c...449cee7805d7	Merge pull request #306 from per1234/trim-trailing-whitespace	/home/travis/Arduino/hardware/ATTinyCore/avr/libraries/Servo/examples/Sweep/Sweep.ino	ATTinyCore:avr:attiny1634:LTO=disable,clock=11external,eesave=aenable,bod=1v8,bodact=disabled,bodpd=disabled	1.8.5	2850	52	1	false	0	0		0	
2019-03-25 04:12:51	19	19.149	https://travis-ci.org/SpenceKonde/ATTinyCore/jobs/510752075	push	false	false	master	449cee7805d71ed47c46f685c19b14927a6f05f1	28adba14817c...449cee7805d7	Merge pull request #306 from per1234/trim-trailing-whitespace	/home/travis/Arduino/hardware/ATTinyCore/avr/libraries/Servo/examples/Knob/Knob.ino	ATTinyCore:avr:attiny1634:LTO=disable,clock=11external,eesave=aenable,bod=1v8,bodact=disabled,bodpd=disabled	1.8.5	2904	55	1	false	0	0		0	
2019-03-25 04:12:55	19	19.149	https://travis-ci.org/SpenceKonde/ATTinyCore/jobs/510752075	push	false	false	master	449cee7805d71ed47c46f685c19b14927a6f05f1	28adba14817c...449cee7805d7	Merge pull request #306 from per1234/trim-trailing-whitespace	/home/travis/Arduino/hardware/ATTinyCore/avr/libraries/Wire/examples/slave_receiver/slave_receiver.ino	ATTinyCore:avr:attiny1634:LTO=disable,clock=11external,eesave=aenable,bod=1v8,bodact=disabled,bodpd=disabled	1.8.5	3020	270	1	false	0	0		0	
2019-03-25 04:12:58	19	19.149	https://travis-ci.org/SpenceKonde/ATTinyCore/jobs/510752075	push	false	false	master	449cee7805d71ed47c46f685c19b14927a6f05f1	28adba14817c...449cee7805d7	Merge pull request #306 from per1234/trim-trailing-whitespace	/home/travis/Arduino/hardware/ATTinyCore/avr/libraries/Wire/examples/digital_potentiometer/digital_potentiometer.ino	ATTinyCore:avr:attiny1634:LTO=disable,clock=11external,eesave=aenable,bod=1v8,bodact=disabled,bodpd=disabled	1.8.5	1834	59	0	false	0	0		0	
2019-03-25 04:13:01	19	19.149	https://travis-ci.org/SpenceKonde/ATTinyCore/jobs/510752075	push	false	false	master	449cee7805d71ed47c46f685c19b14927a6f05f1	28adba14817c...449cee7805d7	Merge pull request #306 from per1234/trim-trailing-whitespace	/home/travis/Arduino/hardware/ATTinyCore/avr/libraries/Wire/examples/SFRRanger_reader/SFRRanger_reader.ino	ATTinyCore:avr:attiny1634:LTO=disable,clock=11external,eesave=aenable,bod=1v8,bodact=disabled,bodpd=disabled	1.8.5	3830	274	0	false	0	0		0	
2019-03-25 04:13:05	19	19.149	https://travis-ci.org/SpenceKonde/ATTinyCore/jobs/510752075	push	false	false	master	449cee7805d71ed47c46f685c19b14927a6f05f1	28adba14817c...449cee7805d7	Merge pull request #306 from per1234/trim-trailing-whitespace	/home/travis/Arduino/hardware/ATTinyCore/avr/libraries/Wire/examples/slave_sender/slave_sender.ino	ATTinyCore:avr:attiny1634:LTO=disable,clock=11external,eesave=aenable,bod=1v8,bodact=disabled,bodpd=disabled	1.8.5	1558	65	0	false	0	0		0	
2019-03-25 04:13:08	19	19.149	https://travis-ci.org/SpenceKonde/ATTinyCore/jobs/510752075	push	false	false	master	449cee7805d71ed47c46f685c19b14927a6f05f1	28adba14817c...449cee7805d7	Merge pull request #306 from per1234/trim-trailing-whitespace	/home/travis/Arduino/hardware/ATTinyCore/avr/libraries/Wire/examples/master_reader/master_reader.ino	ATTinyCore:avr:attiny1634:LTO=disable,clock=11external,eesave=aenable,bod=1v8,bodact=disabled,bodpd=disabled	1.8.5	3218	272	0	false	0	0		0	
2019-03-25 04:13:11	19	19.149	https://travis-ci.org/SpenceKonde/ATTinyCore/jobs/510752075	push	false	false	master	449cee7805d71ed47c46f685c19b14927a6f05f1	28adba14817c...449cee7805d7	Merge pull request #306 from per1234/trim-trailing-whitespace	/home/travis/Arduino/hardware/ATTinyCore/avr/libraries/Wire/examples/master_writer/master_writer.ino	ATTinyCore:avr:attiny1634:LTO=disable,clock=11external,eesave=aenable,bod=1v8,bodact=disabled,bodpd=disabled	1.8.5	1934	65	0	false	0	0		0	
2019-03-25 04:13:14	19	19.149	https://travis-ci.org/SpenceKonde/ATTinyCore/jobs/510752075	push	false	false	master	449cee7805d71ed47c46f685c19b14927a6f05f1	28adba14817c...449cee7805d7	Merge pull request #306 from per1234/trim-trailing-whitespace	/home/travis/Arduino/hardware/ATTinyCore/avr/libraries/SPI/examples/BarometricPressureSensor/BarometricPressureSensor.ino	ATTinyCore:avr:attiny1634:LTO=disable,clock=11external,eesave=aenable,bod=1v8,bodact=disabled,bodpd=disabled	1.8.5	7052	278	1	false	0	0		0	
2019-03-25 04:13:17	19	19.149	https://travis-ci.org/SpenceKonde/ATTinyCore/jobs/510752075	push	false	false	master	449cee7805d71ed47c46f685c19b14927a6f05f1	28adba14817c...449cee7805d7	Merge pull request #306 from per1234/trim-trailing-whitespace	/home/travis/Arduino/hardware/ATTinyCore/avr/libraries/SPI/examples/DigitalPotControl/DigitalPotControl.ino	ATTinyCore:avr:attiny1634:LTO=disable,clock=11external,eesave=aenable,bod=1v8,bodact=disabled,bodpd=disabled	1.8.5	1480	14	0	false	0	0		0	
2019-03-25 04:13:20	19	19.149	https://travis-ci.org/SpenceKonde/ATTinyCore/jobs/510752075	push	false	false	master	449cee7805d71ed47c46f685c19b14927a6f05f1	28adba14817c...449cee7805d7	Merge pull request #306 from per1234/trim-trailing-whitespace	/home/travis/Arduino/hardware/ATTinyCore/avr/libraries/ATTinyCore/examples/TemperatureRead/TemperatureRead.ino	ATTinyCore:avr:attiny1634:LTO=disable,clock=11external,eesave=aenable,bod=1v8,bodact=disabled,bodpd=disabled	1.8.5	2302	230	0	false	0	0		0	
2019-03-25 04:13:26	19	19.149	https://travis-ci.org/SpenceKonde/ATTinyCore/jobs/510752075	push	false	false	master	449cee7805d71ed47c46f685c19b14927a6f05f1	28adba14817c...449cee7805d7	Merge pull request #306 from per1234/trim-trailing-whitespace	/home/travis/Arduino/hardware/ATTinyCore/avr/libraries/EEPROM/examples/eeprom_update/eeprom_update.ino	ATTinyCore:avr:attiny1634:LTO=disable,clock=11external,eesave=aenable,bod=1v8,bodact=disabled,bodpd=disabled	1.8.9	824	12	1	false	0	0		0	
2019-03-25 04:13:29	19	19.149	https://travis-ci.org/SpenceKonde/ATTinyCore/jobs/510752075	push	false	false	master	449cee7805d71ed47c46f685c19b14927a6f05f1	28adba14817c...449cee7805d7	Merge pull request #306 from per1234/trim-trailing-whitespace	/home/travis/Arduino/hardware/ATTinyCore/avr/libraries/EEPROM/examples/eeprom_crc/eeprom_crc.ino	ATTinyCore:avr:attiny1634:LTO=disable,clock=11external,eesave=aenable,bod=1v8,bodact=disabled,bodpd=disabled	1.8.9	2390	337	1	false	0	0		0	
2019-03-25 04:13:32	19	19.149	https://travis-ci.org/SpenceKonde/ATTinyCore/jobs/510752075	push	false	false	master	449cee7805d71ed47c46f685c19b14927a6f05f1	28adba14817c...449cee7805d7	Merge pull request #306 from per1234/trim-trailing-whitespace	/home/travis/Arduino/hardware/ATTinyCore/avr/libraries/EEPROM/examples/eeprom_iteration/eeprom_iteration.ino	ATTinyCore:avr:attiny1634:LTO=disable,clock=11external,eesave=aenable,bod=1v8,bodact=disabled,bodpd=disabled	1.8.9	610	9	3	false	0	0		0	
2019-03-25 04:13:35	19	19.149	https://travis-ci.org/SpenceKonde/ATTinyCore/jobs/510752075	push	false	false	master	449cee7805d71ed47c46f685c19b14927a6f05f1	28adba14817c...449cee7805d7	Merge pull request #306 from per1234/trim-trailing-whitespace	/home/travis/Arduino/hardware/ATTinyCore/avr/libraries/EEPROM/examples/eeprom_put/eeprom_put.ino	ATTinyCore:avr:attiny1634:LTO=disable,clock=11external,eesave=aenable,bod=1v8,bodact=disabled,bodpd=disabled	1.8.9	2040	367	0	false	0	0		0	
2019-03-25 04:13:38	19	19.149	https://travis-ci.org/SpenceKonde/ATTinyCore/jobs/510752075	push	false	false	master	449cee7805d71ed47c46f685c19b14927a6f05f1	28adba14817c...449cee7805d7	Merge pull request #306 from per1234/trim-trailing-whitespace	/home/travis/Arduino/hardware/ATTinyCore/avr/libraries/EEPROM/examples/eeprom_clear/eeprom_clear.ino	ATTinyCore:avr:attiny1634:LTO=disable,clock=11external,eesave=aenable,bod=1v8,bodact=disabled,bodpd=disabled	1.8.9	858	9	1	false	0	0		0	
2019-03-25 04:13:41	19	19.149	https://travis-ci.org/SpenceKonde/ATTinyCore/jobs/510752075	push	false	false	master	449cee7805d71ed47c46f685c19b14927a6f05f1	28adba14817c...449cee7805d7	Merge pull request #306 from per1234/trim-trailing-whitespace	/home/travis/Arduino/hardware/ATTinyCore/avr/libraries/EEPROM/examples/eeprom_read/eeprom_read.ino	ATTinyCore:avr:attiny1634:LTO=disable,clock=11external,eesave=aenable,bod=1v8,bodact=disabled,bodpd=disabled	1.8.9	2336	228	1	false	0	0		0	
2019-03-25 04:13:44	19	19.149	https://travis-ci.org/SpenceKonde/ATTinyCore/jobs/510752075	push	false	false	master	449cee7805d71ed47c46f685c19b14927a6f05f1	28adba14817c...449cee7805d7	Merge pull request #306 from per1234/trim-trailing-whitespace	/home/travis/Arduino/hardware/ATTinyCore/avr/libraries/EEPROM/examples/eeprom_get/eeprom_get.ino	ATTinyCore:avr:attiny1634:LTO=disable,clock=11external,eesave=aenable,bod=1v8,bodact=disabled,bodpd=disabled	1.8.9	4046	295	0	false	0	0		0	
2019-03-25 04:13:46	19	19.149	https://travis-ci.org/SpenceKonde/ATTinyCore/jobs/510752075	push	false	false	master	449cee7805d71ed47c46f685c19b14927a6f05f1	28adba14817c...449cee7805d7	Merge pull request #306 from per1234/trim-trailing-whitespace	/home/travis/Arduino/hardware/ATTinyCore/avr/libraries/EEPROM/examples/eeprom_write/eeprom_write.ino	ATTinyCore:avr:attiny1634:LTO=disable,clock=11external,eesave=aenable,bod=1v8,bodact=disabled,bodpd=disabled	1.8.9	774	12	1	false	0	0		0	
2019-03-25 04:13:49	19	19.149	https://travis-ci.org/SpenceKonde/ATTinyCore/jobs/510752075	push	false	false	master	449cee7805d71ed47c46f685c19b14927a6f05f1	28adba14817c...449cee7805d7	Merge pull request #306 from per1234/trim-trailing-whitespace	/home/travis/Arduino/hardware/ATTinyCore/avr/libraries/SoftwareSerial/examples/TwoPortReceive/TwoPortReceive.ino	ATTinyCore:avr:attiny1634:LTO=disable,clock=11external,eesave=aenable,bod=1v8,bodact=disabled,bodpd=disabled	1.8.9	3736	409	9	false	0	0		0	
2019-03-25 04:13:52	19	19.149	https://travis-ci.org/SpenceKonde/ATTinyCore/jobs/510752075	push	false	false	master	449cee7805d71ed47c46f685c19b14927a6f05f1	28adba14817c...449cee7805d7	Merge pull request #306 from per1234/trim-trailing-whitespace	/home/travis/Arduino/hardware/ATTinyCore/avr/libraries/SoftwareSerial/examples/SoftwareSerialExample/SoftwareSerialExample.ino	ATTinyCore:avr:attiny1634:LTO=disable,clock=11external,eesave=aenable,bod=1v8,bodact=disabled,bodpd=disabled	1.8.9	3650	368	9	false	0	0		0	
2019-03-25 04:13:55	19	19.149	https://travis-ci.org/SpenceKonde/ATTinyCore/jobs/510752075	push	false	false	master	449cee7805d71ed47c46f685c19b14927a6f05f1	28adba14817c...449cee7805d7	Merge pull request #306 from per1234/trim-trailing-whitespace	/home/travis/Arduino/hardware/ATTinyCore/avr/libraries/Servo/examples/Sweep/Sweep.ino	ATTinyCore:avr:attiny1634:LTO=disable,clock=11external,eesave=aenable,bod=1v8,bodact=disabled,bodpd=disabled	1.8.9	2644	52	1	false	0	0		0	
2019-03-25 04:13:58	19	19.149	https://travis-ci.org/SpenceKonde/ATTinyCore/jobs/510752075	push	false	false	master	449cee7805d71ed47c46f685c19b14927a6f05f1	28adba14817c...449cee7805d7	Merge pull request #306 from per1234/trim-trailing-whitespace	/home/travis/Arduino/hardware/ATTinyCore/avr/libraries/Servo/examples/Knob/Knob.ino	ATTinyCore:avr:attiny1634:LTO=disable,clock=11external,eesave=aenable,bod=1v8,bodact=disabled,bodpd=disabled	1.8.9	2698	55	1	false	0	0		0	
2019-03-25 04:14:01	19	19.149	https://travis-ci.org/SpenceKonde/ATTinyCore/jobs/510752075	push	false	false	master	449cee7805d71ed47c46f685c19b14927a6f05f1	28adba14817c...449cee7805d7	Merge pull request #306 from per1234/trim-trailing-whitespace	/home/travis/Arduino/hardware/ATTinyCore/avr/libraries/Wire/examples/slave_receiver/slave_receiver.ino	ATTinyCore:avr:attiny1634:LTO=disable,clock=11external,eesave=aenable,bod=1v8,bodact=disabled,bodpd=disabled	1.8.9	3010	270	1	false	0	0		0	
2019-03-25 04:14:04	19	19.149	https://travis-ci.org/SpenceKonde/ATTinyCore/jobs/510752075	push	false	false	master	449cee7805d71ed47c46f685c19b14927a6f05f1	28adba14817c...449cee7805d7	Merge pull request #306 from per1234/trim-trailing-whitespace	/home/travis/Arduino/hardware/ATTinyCore/avr/libraries/Wire/examples/digital_potentiometer/digital_potentiometer.ino	ATTinyCore:avr:attiny1634:LTO=disable,clock=11external,eesave=aenable,bod=1v8,bodact=disabled,bodpd=disabled	1.8.9	1834	59	0	false	0	0		0	
2019-03-25 04:14:07	19	19.149	https://travis-ci.org/SpenceKonde/ATTinyCore/jobs/510752075	push	false	false	master	449cee7805d71ed47c46f685c19b14927a6f05f1	28adba14817c...449cee7805d7	Merge pull request #306 from per1234/trim-trailing-whitespace	/home/travis/Arduino/hardware/ATTinyCore/avr/libraries/Wire/examples/SFRRanger_reader/SFRRanger_reader.ino	ATTinyCore:avr:attiny1634:LTO=disable,clock=11external,eesave=aenable,bod=1v8,bodact=disabled,bodpd=disabled	1.8.9	3834	274	0	false	0	0		0	
2019-03-25 04:14:10	19	19.149	https://travis-ci.org/SpenceKonde/ATTinyCore/jobs/510752075	push	false	false	master	449cee7805d71ed47c46f685c19b14927a6f05f1	28adba14817c...449cee7805d7	Merge pull request #306 from per1234/trim-trailing-whitespace	/home/travis/Arduino/hardware/ATTinyCore/avr/libraries/Wire/examples/slave_sender/slave_sender.ino	ATTinyCore:avr:attiny1634:LTO=disable,clock=11external,eesave=aenable,bod=1v8,bodact=disabled,bodpd=disabled	1.8.9	1544	65	0	false	0	0		0	
2019-03-25 04:14:13	19	19.149	https://travis-ci.org/SpenceKonde/ATTinyCore/jobs/510752075	push	false	false	master	449cee7805d71ed47c46f685c19b14927a6f05f1	28adba14817c...449cee7805d7	Merge pull request #306 from per1234/trim-trailing-whitespace	/home/travis/Arduino/hardware/ATTinyCore/avr/libraries/Wire/examples/master_reader/master_reader.ino	ATTinyCore:avr:attiny1634:LTO=disable,clock=11external,eesave=aenable,bod=1v8,bodact=disabled,bodpd=disabled	1.8.9	3222	272	0	false	0	0		0	
2019-03-25 04:14:16	19	19.149	https://travis-ci.org/SpenceKonde/ATTinyCore/jobs/510752075	push	false	false	master	449cee7805d71ed47c46f685c19b14927a6f05f1	28adba14817c...449cee7805d7	Merge pull request #306 from per1234/trim-trailing-whitespace	/home/travis/Arduino/hardware/ATTinyCore/avr/libraries/Wire/examples/master_writer/master_writer.ino	ATTinyCore:avr:attiny1634:LTO=disable,clock=11external,eesave=aenable,bod=1v8,bodact=disabled,bodpd=disabled	1.8.9	1934	65	0	false	0	0		0	
2019-03-25 04:14:19	19	19.149	https://travis-ci.org/SpenceKonde/ATTinyCore/jobs/510752075	push	false	false	master	449cee7805d71ed47c46f685c19b14927a6f05f1	28adba14817c...449cee7805d7	Merge pull request #306 from per1234/trim-trailing-whitespace	/home/travis/Arduino/hardware/ATTinyCore/avr/libraries/SPI/examples/BarometricPressureSensor/BarometricPressureSensor.ino	ATTinyCore:avr:attiny1634:LTO=disable,clock=11external,eesave=aenable,bod=1v8,bodact=disabled,bodpd=disabled	1.8.9	6996	278	1	false	0	0		0	
2019-03-25 04:14:22	19	19.149	https://travis-ci.org/SpenceKonde/ATTinyCore/jobs/510752075	push	false	false	master	449cee7805d71ed47c46f685c19b14927a6f05f1	28adba14817c...449cee7805d7	Merge pull request #306 from per1234/trim-trailing-whitespace	/home/travis/Arduino/hardware/ATTinyCore/avr/libraries/SPI/examples/DigitalPotControl/DigitalPotControl.ino	ATTinyCore:avr:attiny1634:LTO=disable,clock=11external,eesave=aenable,bod=1v8,bodact=disabled,bodpd=disabled	1.8.9	1468	14	0	false	0	0		0	
2019-03-25 04:14:25	19	19.149	https://travis-ci.org/SpenceKonde/ATTinyCore/jobs/510752075	push	false	false	master	449cee7805d71ed47c46f685c19b14927a6f05f1	28adba14817c...449cee7805d7	Merge pull request #306 from per1234/trim-trailing-whitespace	/home/travis/Arduino/hardware/ATTinyCore/avr/libraries/ATTinyCore/examples/TemperatureRead/TemperatureRead.ino	ATTinyCore:avr:attiny1634:LTO=disable,clock=11external,eesave=aenable,bod=1v8,bodact=disabled,bodpd=disabled	1.8.9	2306	230	0	false	0	0		0	
