Build Timestamp (UTC)	Build	Job	Job URL	Build Trigger	Allow Job Failure	PR#	Branch	Commit	Commit Range	Commit Message	Sketch Filename	Board ID	IDE Version	Program Storage (bytes)	Dynamic Memory (bytes)	# Warnings	Allow Failure	Exit Status	# Board Issues	Board Issue	# Library Issues	Library Issue
2020-07-25 08:34:25	414	414.26	https://travis-ci.org/SpenceKonde/ATTinyCore/jobs/711683237	push		false	master	40b22faa46fbe1b98069d19853bc7377a259bd70	a486b28cc18c...40b22faa46fb	Trailing goddamned whitespace	/home/travis/Arduino/hardware/ATTinyCore/avr/libraries/SoftwareSerial/examples/SoftwareSerialExample/SoftwareSerialExample.ino	ATTinyCore:avr:attinyx5:LTO=disable,TimerClockSource=lowpll,chip=85,clock=20external,eesave=disable,bod=2v7,millis=enabled	1.6.7	3156	230	7	false	0	0		0	
2020-07-25 08:34:30	414	414.26	https://travis-ci.org/SpenceKonde/ATTinyCore/jobs/711683237	push		false	master	40b22faa46fbe1b98069d19853bc7377a259bd70	a486b28cc18c...40b22faa46fb	Trailing goddamned whitespace	/home/travis/Arduino/hardware/ATTinyCore/avr/libraries/SoftwareSerial/examples/TwoPortReceive/TwoPortReceive.ino	ATTinyCore:avr:attinyx5:LTO=disable,TimerClockSource=lowpll,chip=85,clock=20external,eesave=disable,bod=2v7,millis=enabled	1.6.7	3228	271	7	false	0	0		0	
2020-07-25 08:34:33	414	414.26	https://travis-ci.org/SpenceKonde/ATTinyCore/jobs/711683237	push		false	master	40b22faa46fbe1b98069d19853bc7377a259bd70	a486b28cc18c...40b22faa46fb	Trailing goddamned whitespace	/home/travis/Arduino/hardware/ATTinyCore/avr/libraries/tinyNeoPixel/examples/strandtest/strandtest.ino	ATTinyCore:avr:attinyx5:LTO=disable,TimerClockSource=lowpll,chip=85,clock=20external,eesave=disable,bod=2v7,millis=enabled	1.6.7	3490	39	0	false	0	0		0	
2020-07-25 08:34:47	414	414.26	https://travis-ci.org/SpenceKonde/ATTinyCore/jobs/711683237	push		false	master	40b22faa46fbe1b98069d19853bc7377a259bd70	a486b28cc18c...40b22faa46fb	Trailing goddamned whitespace	/home/travis/Arduino/hardware/ATTinyCore/avr/libraries/tinyNeoPixel/examples/buttoncycler/buttoncycler.ino	ATTinyCore:avr:attinyx5:LTO=disable,TimerClockSource=lowpll,chip=85,clock=20external,eesave=disable,bod=2v7,millis=enabled	1.6.7	2610	41	0	false	0	0		0	
2020-07-25 08:34:51	414	414.26	https://travis-ci.org/SpenceKonde/ATTinyCore/jobs/711683237	push		false	master	40b22faa46fbe1b98069d19853bc7377a259bd70	a486b28cc18c...40b22faa46fb	Trailing goddamned whitespace	/home/travis/Arduino/hardware/ATTinyCore/avr/libraries/tinyNeoPixel/examples/RGBWstrandtest/RGBWstrandtest.ino	ATTinyCore:avr:attinyx5:LTO=disable,TimerClockSource=lowpll,chip=85,clock=20external,eesave=disable,bod=2v7,millis=enabled	1.6.7	6308	369	6	false	0	0		0	
2020-07-25 08:34:55	414	414.26	https://travis-ci.org/SpenceKonde/ATTinyCore/jobs/711683237	push		false	master	40b22faa46fbe1b98069d19853bc7377a259bd70	a486b28cc18c...40b22faa46fb	Trailing goddamned whitespace	/home/travis/Arduino/hardware/ATTinyCore/avr/libraries/tinyNeoPixel/examples/simple/simple.ino	ATTinyCore:avr:attinyx5:LTO=disable,TimerClockSource=lowpll,chip=85,clock=20external,eesave=disable,bod=2v7,millis=enabled	1.6.7	2610	41	0	false	0	0		0	
2020-07-25 08:34:59	414	414.26	https://travis-ci.org/SpenceKonde/ATTinyCore/jobs/711683237	push		false	master	40b22faa46fbe1b98069d19853bc7377a259bd70	a486b28cc18c...40b22faa46fb	Trailing goddamned whitespace	/home/travis/Arduino/hardware/ATTinyCore/avr/libraries/Servo/examples/Knob/Knob.ino	ATTinyCore:avr:attinyx5:LTO=disable,TimerClockSource=lowpll,chip=85,clock=20external,eesave=disable,bod=2v7,millis=enabled	1.6.7	2372	48	0	false	0	0		0	
2020-07-25 08:35:03	414	414.26	https://travis-ci.org/SpenceKonde/ATTinyCore/jobs/711683237	push		false	master	40b22faa46fbe1b98069d19853bc7377a259bd70	a486b28cc18c...40b22faa46fb	Trailing goddamned whitespace	/home/travis/Arduino/hardware/ATTinyCore/avr/libraries/Servo/examples/Sweep/Sweep.ino	ATTinyCore:avr:attinyx5:LTO=disable,TimerClockSource=lowpll,chip=85,clock=20external,eesave=disable,bod=2v7,millis=enabled	1.6.7	2298	45	0	false	0	0		0	
2020-07-25 08:35:07	414	414.26	https://travis-ci.org/SpenceKonde/ATTinyCore/jobs/711683237	push		false	master	40b22faa46fbe1b98069d19853bc7377a259bd70	a486b28cc18c...40b22faa46fb	Trailing goddamned whitespace	/home/travis/Arduino/hardware/ATTinyCore/avr/libraries/EEPROM/examples/eeprom_get/eeprom_get.ino	ATTinyCore:avr:attinyx5:LTO=disable,TimerClockSource=lowpll,chip=85,clock=20external,eesave=disable,bod=2v7,millis=enabled	1.6.7	3482	145	0	false	0	0		0	
2020-07-25 08:35:10	414	414.26	https://travis-ci.org/SpenceKonde/ATTinyCore/jobs/711683237	push		false	master	40b22faa46fbe1b98069d19853bc7377a259bd70	a486b28cc18c...40b22faa46fb	Trailing goddamned whitespace	/home/travis/Arduino/hardware/ATTinyCore/avr/libraries/EEPROM/examples/eeprom_crc/eeprom_crc.ino	ATTinyCore:avr:attinyx5:LTO=disable,TimerClockSource=lowpll,chip=85,clock=20external,eesave=disable,bod=2v7,millis=enabled	1.6.7	2108	199	1	false	0	0		0	
2020-07-25 08:35:14	414	414.26	https://travis-ci.org/SpenceKonde/ATTinyCore/jobs/711683237	push		false	master	40b22faa46fbe1b98069d19853bc7377a259bd70	a486b28cc18c...40b22faa46fb	Trailing goddamned whitespace	/home/travis/Arduino/hardware/ATTinyCore/avr/libraries/EEPROM/examples/eeprom_read/eeprom_read.ino	ATTinyCore:avr:attinyx5:LTO=disable,TimerClockSource=lowpll,chip=85,clock=20external,eesave=disable,bod=2v7,millis=enabled	1.6.7	2080	90	1	false	0	0		0	
2020-07-25 08:35:18	414	414.26	https://travis-ci.org/SpenceKonde/ATTinyCore/jobs/711683237	push		false	master	40b22faa46fbe1b98069d19853bc7377a259bd70	a486b28cc18c...40b22faa46fb	Trailing goddamned whitespace	/home/travis/Arduino/hardware/ATTinyCore/avr/libraries/EEPROM/examples/eeprom_clear/eeprom_clear.ino	ATTinyCore:avr:attinyx5:LTO=disable,TimerClockSource=lowpll,chip=85,clock=20external,eesave=disable,bod=2v7,millis=enabled	1.6.7	678	9	1	false	0	0		0	
2020-07-25 08:35:22	414	414.26	https://travis-ci.org/SpenceKonde/ATTinyCore/jobs/711683237	push		false	master	40b22faa46fbe1b98069d19853bc7377a259bd70	a486b28cc18c...40b22faa46fb	Trailing goddamned whitespace	/home/travis/Arduino/hardware/ATTinyCore/avr/libraries/EEPROM/examples/eeprom_write/eeprom_write.ino	ATTinyCore:avr:attinyx5:LTO=disable,TimerClockSource=lowpll,chip=85,clock=20external,eesave=disable,bod=2v7,millis=enabled	1.6.7	678	12	0	false	0	0		0	
2020-07-25 08:35:26	414	414.26	https://travis-ci.org/SpenceKonde/ATTinyCore/jobs/711683237	push		false	master	40b22faa46fbe1b98069d19853bc7377a259bd70	a486b28cc18c...40b22faa46fb	Trailing goddamned whitespace	/home/travis/Arduino/hardware/ATTinyCore/avr/libraries/EEPROM/examples/eeprom_iteration/eeprom_iteration.ino	ATTinyCore:avr:attinyx5:LTO=disable,TimerClockSource=lowpll,chip=85,clock=20external,eesave=disable,bod=2v7,millis=enabled	1.6.7	490	9	3	false	0	0		0	
2020-07-25 08:35:30	414	414.26	https://travis-ci.org/SpenceKonde/ATTinyCore/jobs/711683237	push		false	master	40b22faa46fbe1b98069d19853bc7377a259bd70	a486b28cc18c...40b22faa46fb	Trailing goddamned whitespace	/home/travis/Arduino/hardware/ATTinyCore/avr/libraries/EEPROM/examples/eeprom_update/eeprom_update.ino	ATTinyCore:avr:attinyx5:LTO=disable,TimerClockSource=lowpll,chip=85,clock=20external,eesave=disable,bod=2v7,millis=enabled	1.6.7	726	12	1	false	0	0		0	
2020-07-25 08:35:33	414	414.26	https://travis-ci.org/SpenceKonde/ATTinyCore/jobs/711683237	push		false	master	40b22faa46fbe1b98069d19853bc7377a259bd70	a486b28cc18c...40b22faa46fb	Trailing goddamned whitespace	/home/travis/Arduino/hardware/ATTinyCore/avr/libraries/EEPROM/examples/eeprom_put/eeprom_put.ino	ATTinyCore:avr:attinyx5:LTO=disable,TimerClockSource=lowpll,chip=85,clock=20external,eesave=disable,bod=2v7,millis=enabled	1.6.7	1784	229	0	false	0	0		0	
2020-07-25 08:35:37	414	414.26	https://travis-ci.org/SpenceKonde/ATTinyCore/jobs/711683237	push		false	master	40b22faa46fbe1b98069d19853bc7377a259bd70	a486b28cc18c...40b22faa46fb	Trailing goddamned whitespace	/home/travis/Arduino/hardware/ATTinyCore/avr/libraries/ATTinyCore/examples/TemperatureRead/TemperatureRead.ino	ATTinyCore:avr:attinyx5:LTO=disable,TimerClockSource=lowpll,chip=85,clock=20external,eesave=disable,bod=2v7,millis=enabled	1.6.7	2052	92	0	false	0	0		0	
2020-07-25 08:35:41	414	414.26	https://travis-ci.org/SpenceKonde/ATTinyCore/jobs/711683237	push		false	master	40b22faa46fbe1b98069d19853bc7377a259bd70	a486b28cc18c...40b22faa46fb	Trailing goddamned whitespace	/home/travis/Arduino/hardware/ATTinyCore/avr/libraries/tinyNeoPixel_Static/examples/strandtest/strandtest.ino	ATTinyCore:avr:attinyx5:LTO=disable,TimerClockSource=lowpll,chip=85,clock=20external,eesave=disable,bod=2v7,millis=enabled	1.6.7	2520	208	5	false	0	0		0	
2020-07-25 08:35:45	414	414.26	https://travis-ci.org/SpenceKonde/ATTinyCore/jobs/711683237	push		false	master	40b22faa46fbe1b98069d19853bc7377a259bd70	a486b28cc18c...40b22faa46fb	Trailing goddamned whitespace	/home/travis/Arduino/hardware/ATTinyCore/avr/libraries/tinyNeoPixel_Static/examples/buttoncycler/buttoncycler.ino	ATTinyCore:avr:attinyx5:LTO=disable,TimerClockSource=lowpll,chip=85,clock=20external,eesave=disable,bod=2v7,millis=enabled	1.6.7	2756	80	5	false	0	0		0	
2020-07-25 08:35:49	414	414.26	https://travis-ci.org/SpenceKonde/ATTinyCore/jobs/711683237	push		false	master	40b22faa46fbe1b98069d19853bc7377a259bd70	a486b28cc18c...40b22faa46fb	Trailing goddamned whitespace	/home/travis/Arduino/hardware/ATTinyCore/avr/libraries/tinyNeoPixel_Static/examples/simple/simple.ino	ATTinyCore:avr:attinyx5:LTO=disable,TimerClockSource=lowpll,chip=85,clock=20external,eesave=disable,bod=2v7,millis=enabled	1.6.7	1670	78	1	false	0	0		0	
2020-07-25 08:35:53	414	414.26	https://travis-ci.org/SpenceKonde/ATTinyCore/jobs/711683237	push		false	master	40b22faa46fbe1b98069d19853bc7377a259bd70	a486b28cc18c...40b22faa46fb	Trailing goddamned whitespace	/home/travis/Arduino/hardware/ATTinyCore/avr/libraries/SPI/examples/BarometricPressureSensor/BarometricPressureSensor.ino	ATTinyCore:avr:attinyx5:LTO=disable,TimerClockSource=lowpll,chip=85,clock=20external,eesave=disable,bod=2v7,millis=enabled	1.6.7	6394	122	1	false	0	0		0	
2020-07-25 08:35:57	414	414.26	https://travis-ci.org/SpenceKonde/ATTinyCore/jobs/711683237	push		false	master	40b22faa46fbe1b98069d19853bc7377a259bd70	a486b28cc18c...40b22faa46fb	Trailing goddamned whitespace	/home/travis/Arduino/hardware/ATTinyCore/avr/libraries/SPI/examples/DigitalPotControl/DigitalPotControl.ino	ATTinyCore:avr:attinyx5:LTO=disable,TimerClockSource=lowpll,chip=85,clock=20external,eesave=disable,bod=2v7,millis=enabled	1.6.7	1292	14	0	false	0	0		0	
2020-07-25 08:36:01	414	414.26	https://travis-ci.org/SpenceKonde/ATTinyCore/jobs/711683237	push		false	master	40b22faa46fbe1b98069d19853bc7377a259bd70	a486b28cc18c...40b22faa46fb	Trailing goddamned whitespace	/home/travis/Arduino/hardware/ATTinyCore/avr/libraries/Wire/examples/SFRRanger_reader/SFRRanger_reader.ino	ATTinyCore:avr:attinyx5:LTO=disable,TimerClockSource=lowpll,chip=85,clock=20external,eesave=disable,bod=2v7,millis=enabled	1.6.7	3498	136	0	false	0	0		0	
2020-07-25 08:36:05	414	414.26	https://travis-ci.org/SpenceKonde/ATTinyCore/jobs/711683237	push		false	master	40b22faa46fbe1b98069d19853bc7377a259bd70	a486b28cc18c...40b22faa46fb	Trailing goddamned whitespace	/home/travis/Arduino/hardware/ATTinyCore/avr/libraries/Wire/examples/master_writer/master_writer.ino	ATTinyCore:avr:attinyx5:LTO=disable,TimerClockSource=lowpll,chip=85,clock=20external,eesave=disable,bod=2v7,millis=enabled	1.6.7	1786	65	0	false	0	0		0	
2020-07-25 08:36:09	414	414.26	https://travis-ci.org/SpenceKonde/ATTinyCore/jobs/711683237	push		false	master	40b22faa46fbe1b98069d19853bc7377a259bd70	a486b28cc18c...40b22faa46fb	Trailing goddamned whitespace	/home/travis/Arduino/hardware/ATTinyCore/avr/libraries/Wire/examples/digital_potentiometer/digital_potentiometer.ino	ATTinyCore:avr:attinyx5:LTO=disable,TimerClockSource=lowpll,chip=85,clock=20external,eesave=disable,bod=2v7,millis=enabled	1.6.7	1688	59	0	false	0	0		0	
2020-07-25 08:36:13	414	414.26	https://travis-ci.org/SpenceKonde/ATTinyCore/jobs/711683237	push		false	master	40b22faa46fbe1b98069d19853bc7377a259bd70	a486b28cc18c...40b22faa46fb	Trailing goddamned whitespace	/home/travis/Arduino/hardware/ATTinyCore/avr/libraries/Wire/examples/slave_receiver/slave_receiver.ino	ATTinyCore:avr:attinyx5:LTO=disable,TimerClockSource=lowpll,chip=85,clock=20external,eesave=disable,bod=2v7,millis=enabled	1.6.7	2736	132	1	false	0	0		0	
2020-07-25 08:36:17	414	414.26	https://travis-ci.org/SpenceKonde/ATTinyCore/jobs/711683237	push		false	master	40b22faa46fbe1b98069d19853bc7377a259bd70	a486b28cc18c...40b22faa46fb	Trailing goddamned whitespace	/home/travis/Arduino/hardware/ATTinyCore/avr/libraries/Wire/examples/master_reader/master_reader.ino	ATTinyCore:avr:attinyx5:LTO=disable,TimerClockSource=lowpll,chip=85,clock=20external,eesave=disable,bod=2v7,millis=enabled	1.6.7	2928	134	0	false	0	0		0	
2020-07-25 08:36:21	414	414.26	https://travis-ci.org/SpenceKonde/ATTinyCore/jobs/711683237	push		false	master	40b22faa46fbe1b98069d19853bc7377a259bd70	a486b28cc18c...40b22faa46fb	Trailing goddamned whitespace	/home/travis/Arduino/hardware/ATTinyCore/avr/libraries/Wire/examples/slave_sender/slave_sender.ino	ATTinyCore:avr:attinyx5:LTO=disable,TimerClockSource=lowpll,chip=85,clock=20external,eesave=disable,bod=2v7,millis=enabled	1.6.7	1444	65	0	false	0	0		0	
2020-07-25 08:36:25	414	414.26	https://travis-ci.org/SpenceKonde/ATTinyCore/jobs/711683237	push		false	master	40b22faa46fbe1b98069d19853bc7377a259bd70	a486b28cc18c...40b22faa46fb	Trailing goddamned whitespace	/home/travis/Arduino/hardware/ATTinyCore/avr/libraries/Servo_ATTinyCore/examples/Knob/Knob.ino	ATTinyCore:avr:attinyx5:LTO=disable,TimerClockSource=lowpll,chip=85,clock=20external,eesave=disable,bod=2v7,millis=enabled	1.6.7	2372	48	0	false	0	0		0	
2020-07-25 08:36:29	414	414.26	https://travis-ci.org/SpenceKonde/ATTinyCore/jobs/711683237	push		false	master	40b22faa46fbe1b98069d19853bc7377a259bd70	a486b28cc18c...40b22faa46fb	Trailing goddamned whitespace	/home/travis/Arduino/hardware/ATTinyCore/avr/libraries/Servo_ATTinyCore/examples/Sweep/Sweep.ino	ATTinyCore:avr:attinyx5:LTO=disable,TimerClockSource=lowpll,chip=85,clock=20external,eesave=disable,bod=2v7,millis=enabled	1.6.7	2298	45	0	false	0	0		0	
2020-07-25 08:36:36	414	414.26	https://travis-ci.org/SpenceKonde/ATTinyCore/jobs/711683237	push		false	master	40b22faa46fbe1b98069d19853bc7377a259bd70	a486b28cc18c...40b22faa46fb	Trailing goddamned whitespace	/home/travis/Arduino/hardware/ATTinyCore/avr/libraries/SoftwareSerial/examples/SoftwareSerialExample/SoftwareSerialExample.ino	ATTinyCore:avr:attinyx5:LTO=disable,TimerClockSource=lowpll,chip=85,clock=20external,eesave=disable,bod=2v7,millis=enabled	1.6.9	3156	230	7	false	0	0		0	
2020-07-25 08:36:40	414	414.26	https://travis-ci.org/SpenceKonde/ATTinyCore/jobs/711683237	push		false	master	40b22faa46fbe1b98069d19853bc7377a259bd70	a486b28cc18c...40b22faa46fb	Trailing goddamned whitespace	/home/travis/Arduino/hardware/ATTinyCore/avr/libraries/SoftwareSerial/examples/TwoPortReceive/TwoPortReceive.ino	ATTinyCore:avr:attinyx5:LTO=disable,TimerClockSource=lowpll,chip=85,clock=20external,eesave=disable,bod=2v7,millis=enabled	1.6.9	3228	271	7	false	0	0		0	
2020-07-25 08:36:44	414	414.26	https://travis-ci.org/SpenceKonde/ATTinyCore/jobs/711683237	push		false	master	40b22faa46fbe1b98069d19853bc7377a259bd70	a486b28cc18c...40b22faa46fb	Trailing goddamned whitespace	/home/travis/Arduino/hardware/ATTinyCore/avr/libraries/tinyNeoPixel/examples/strandtest/strandtest.ino	ATTinyCore:avr:attinyx5:LTO=disable,TimerClockSource=lowpll,chip=85,clock=20external,eesave=disable,bod=2v7,millis=enabled	1.6.9	3490	39	0	false	0	0		0	
2020-07-25 08:36:49	414	414.26	https://travis-ci.org/SpenceKonde/ATTinyCore/jobs/711683237	push		false	master	40b22faa46fbe1b98069d19853bc7377a259bd70	a486b28cc18c...40b22faa46fb	Trailing goddamned whitespace	/home/travis/Arduino/hardware/ATTinyCore/avr/libraries/tinyNeoPixel/examples/buttoncycler/buttoncycler.ino	ATTinyCore:avr:attinyx5:LTO=disable,TimerClockSource=lowpll,chip=85,clock=20external,eesave=disable,bod=2v7,millis=enabled	1.6.9	2610	41	0	false	0	0		0	
2020-07-25 08:36:53	414	414.26	https://travis-ci.org/SpenceKonde/ATTinyCore/jobs/711683237	push		false	master	40b22faa46fbe1b98069d19853bc7377a259bd70	a486b28cc18c...40b22faa46fb	Trailing goddamned whitespace	/home/travis/Arduino/hardware/ATTinyCore/avr/libraries/tinyNeoPixel/examples/RGBWstrandtest/RGBWstrandtest.ino	ATTinyCore:avr:attinyx5:LTO=disable,TimerClockSource=lowpll,chip=85,clock=20external,eesave=disable,bod=2v7,millis=enabled	1.6.9	6308	369	6	false	0	0		0	
2020-07-25 08:36:57	414	414.26	https://travis-ci.org/SpenceKonde/ATTinyCore/jobs/711683237	push		false	master	40b22faa46fbe1b98069d19853bc7377a259bd70	a486b28cc18c...40b22faa46fb	Trailing goddamned whitespace	/home/travis/Arduino/hardware/ATTinyCore/avr/libraries/tinyNeoPixel/examples/simple/simple.ino	ATTinyCore:avr:attinyx5:LTO=disable,TimerClockSource=lowpll,chip=85,clock=20external,eesave=disable,bod=2v7,millis=enabled	1.6.9	2610	41	0	false	0	0		0	
2020-07-25 08:37:01	414	414.26	https://travis-ci.org/SpenceKonde/ATTinyCore/jobs/711683237	push		false	master	40b22faa46fbe1b98069d19853bc7377a259bd70	a486b28cc18c...40b22faa46fb	Trailing goddamned whitespace	/home/travis/Arduino/hardware/ATTinyCore/avr/libraries/Servo/examples/Knob/Knob.ino	ATTinyCore:avr:attinyx5:LTO=disable,TimerClockSource=lowpll,chip=85,clock=20external,eesave=disable,bod=2v7,millis=enabled	1.6.9	2372	48	0	false	0	0		0	
2020-07-25 08:37:06	414	414.26	https://travis-ci.org/SpenceKonde/ATTinyCore/jobs/711683237	push		false	master	40b22faa46fbe1b98069d19853bc7377a259bd70	a486b28cc18c...40b22faa46fb	Trailing goddamned whitespace	/home/travis/Arduino/hardware/ATTinyCore/avr/libraries/Servo/examples/Sweep/Sweep.ino	ATTinyCore:avr:attinyx5:LTO=disable,TimerClockSource=lowpll,chip=85,clock=20external,eesave=disable,bod=2v7,millis=enabled	1.6.9	2298	45	0	false	0	0		0	
2020-07-25 08:37:10	414	414.26	https://travis-ci.org/SpenceKonde/ATTinyCore/jobs/711683237	push		false	master	40b22faa46fbe1b98069d19853bc7377a259bd70	a486b28cc18c...40b22faa46fb	Trailing goddamned whitespace	/home/travis/Arduino/hardware/ATTinyCore/avr/libraries/EEPROM/examples/eeprom_get/eeprom_get.ino	ATTinyCore:avr:attinyx5:LTO=disable,TimerClockSource=lowpll,chip=85,clock=20external,eesave=disable,bod=2v7,millis=enabled	1.6.9	3482	145	0	false	0	0		0	
2020-07-25 08:37:14	414	414.26	https://travis-ci.org/SpenceKonde/ATTinyCore/jobs/711683237	push		false	master	40b22faa46fbe1b98069d19853bc7377a259bd70	a486b28cc18c...40b22faa46fb	Trailing goddamned whitespace	/home/travis/Arduino/hardware/ATTinyCore/avr/libraries/EEPROM/examples/eeprom_crc/eeprom_crc.ino	ATTinyCore:avr:attinyx5:LTO=disable,TimerClockSource=lowpll,chip=85,clock=20external,eesave=disable,bod=2v7,millis=enabled	1.6.9	2108	199	1	false	0	0		0	
2020-07-25 08:37:18	414	414.26	https://travis-ci.org/SpenceKonde/ATTinyCore/jobs/711683237	push		false	master	40b22faa46fbe1b98069d19853bc7377a259bd70	a486b28cc18c...40b22faa46fb	Trailing goddamned whitespace	/home/travis/Arduino/hardware/ATTinyCore/avr/libraries/EEPROM/examples/eeprom_read/eeprom_read.ino	ATTinyCore:avr:attinyx5:LTO=disable,TimerClockSource=lowpll,chip=85,clock=20external,eesave=disable,bod=2v7,millis=enabled	1.6.9	2080	90	1	false	0	0		0	
2020-07-25 08:37:22	414	414.26	https://travis-ci.org/SpenceKonde/ATTinyCore/jobs/711683237	push		false	master	40b22faa46fbe1b98069d19853bc7377a259bd70	a486b28cc18c...40b22faa46fb	Trailing goddamned whitespace	/home/travis/Arduino/hardware/ATTinyCore/avr/libraries/EEPROM/examples/eeprom_clear/eeprom_clear.ino	ATTinyCore:avr:attinyx5:LTO=disable,TimerClockSource=lowpll,chip=85,clock=20external,eesave=disable,bod=2v7,millis=enabled	1.6.9	678	9	1	false	0	0		0	
2020-07-25 08:37:26	414	414.26	https://travis-ci.org/SpenceKonde/ATTinyCore/jobs/711683237	push		false	master	40b22faa46fbe1b98069d19853bc7377a259bd70	a486b28cc18c...40b22faa46fb	Trailing goddamned whitespace	/home/travis/Arduino/hardware/ATTinyCore/avr/libraries/EEPROM/examples/eeprom_write/eeprom_write.ino	ATTinyCore:avr:attinyx5:LTO=disable,TimerClockSource=lowpll,chip=85,clock=20external,eesave=disable,bod=2v7,millis=enabled	1.6.9	678	12	0	false	0	0		0	
2020-07-25 08:37:30	414	414.26	https://travis-ci.org/SpenceKonde/ATTinyCore/jobs/711683237	push		false	master	40b22faa46fbe1b98069d19853bc7377a259bd70	a486b28cc18c...40b22faa46fb	Trailing goddamned whitespace	/home/travis/Arduino/hardware/ATTinyCore/avr/libraries/EEPROM/examples/eeprom_iteration/eeprom_iteration.ino	ATTinyCore:avr:attinyx5:LTO=disable,TimerClockSource=lowpll,chip=85,clock=20external,eesave=disable,bod=2v7,millis=enabled	1.6.9	490	9	3	false	0	0		0	
2020-07-25 08:37:34	414	414.26	https://travis-ci.org/SpenceKonde/ATTinyCore/jobs/711683237	push		false	master	40b22faa46fbe1b98069d19853bc7377a259bd70	a486b28cc18c...40b22faa46fb	Trailing goddamned whitespace	/home/travis/Arduino/hardware/ATTinyCore/avr/libraries/EEPROM/examples/eeprom_update/eeprom_update.ino	ATTinyCore:avr:attinyx5:LTO=disable,TimerClockSource=lowpll,chip=85,clock=20external,eesave=disable,bod=2v7,millis=enabled	1.6.9	726	12	1	false	0	0		0	
2020-07-25 08:37:39	414	414.26	https://travis-ci.org/SpenceKonde/ATTinyCore/jobs/711683237	push		false	master	40b22faa46fbe1b98069d19853bc7377a259bd70	a486b28cc18c...40b22faa46fb	Trailing goddamned whitespace	/home/travis/Arduino/hardware/ATTinyCore/avr/libraries/EEPROM/examples/eeprom_put/eeprom_put.ino	ATTinyCore:avr:attinyx5:LTO=disable,TimerClockSource=lowpll,chip=85,clock=20external,eesave=disable,bod=2v7,millis=enabled	1.6.9	1784	229	0	false	0	0		0	
2020-07-25 08:37:43	414	414.26	https://travis-ci.org/SpenceKonde/ATTinyCore/jobs/711683237	push		false	master	40b22faa46fbe1b98069d19853bc7377a259bd70	a486b28cc18c...40b22faa46fb	Trailing goddamned whitespace	/home/travis/Arduino/hardware/ATTinyCore/avr/libraries/ATTinyCore/examples/TemperatureRead/TemperatureRead.ino	ATTinyCore:avr:attinyx5:LTO=disable,TimerClockSource=lowpll,chip=85,clock=20external,eesave=disable,bod=2v7,millis=enabled	1.6.9	2052	92	0	false	0	0		0	
2020-07-25 08:37:47	414	414.26	https://travis-ci.org/SpenceKonde/ATTinyCore/jobs/711683237	push		false	master	40b22faa46fbe1b98069d19853bc7377a259bd70	a486b28cc18c...40b22faa46fb	Trailing goddamned whitespace	/home/travis/Arduino/hardware/ATTinyCore/avr/libraries/tinyNeoPixel_Static/examples/strandtest/strandtest.ino	ATTinyCore:avr:attinyx5:LTO=disable,TimerClockSource=lowpll,chip=85,clock=20external,eesave=disable,bod=2v7,millis=enabled	1.6.9	2520	208	5	false	0	0		0	
2020-07-25 08:37:51	414	414.26	https://travis-ci.org/SpenceKonde/ATTinyCore/jobs/711683237	push		false	master	40b22faa46fbe1b98069d19853bc7377a259bd70	a486b28cc18c...40b22faa46fb	Trailing goddamned whitespace	/home/travis/Arduino/hardware/ATTinyCore/avr/libraries/tinyNeoPixel_Static/examples/buttoncycler/buttoncycler.ino	ATTinyCore:avr:attinyx5:LTO=disable,TimerClockSource=lowpll,chip=85,clock=20external,eesave=disable,bod=2v7,millis=enabled	1.6.9	2756	80	5	false	0	0		0	
2020-07-25 08:37:55	414	414.26	https://travis-ci.org/SpenceKonde/ATTinyCore/jobs/711683237	push		false	master	40b22faa46fbe1b98069d19853bc7377a259bd70	a486b28cc18c...40b22faa46fb	Trailing goddamned whitespace	/home/travis/Arduino/hardware/ATTinyCore/avr/libraries/tinyNeoPixel_Static/examples/simple/simple.ino	ATTinyCore:avr:attinyx5:LTO=disable,TimerClockSource=lowpll,chip=85,clock=20external,eesave=disable,bod=2v7,millis=enabled	1.6.9	1670	78	1	false	0	0		0	
2020-07-25 08:38:00	414	414.26	https://travis-ci.org/SpenceKonde/ATTinyCore/jobs/711683237	push		false	master	40b22faa46fbe1b98069d19853bc7377a259bd70	a486b28cc18c...40b22faa46fb	Trailing goddamned whitespace	/home/travis/Arduino/hardware/ATTinyCore/avr/libraries/SPI/examples/BarometricPressureSensor/BarometricPressureSensor.ino	ATTinyCore:avr:attinyx5:LTO=disable,TimerClockSource=lowpll,chip=85,clock=20external,eesave=disable,bod=2v7,millis=enabled	1.6.9	6394	122	1	false	0	0		0	
2020-07-25 08:38:04	414	414.26	https://travis-ci.org/SpenceKonde/ATTinyCore/jobs/711683237	push		false	master	40b22faa46fbe1b98069d19853bc7377a259bd70	a486b28cc18c...40b22faa46fb	Trailing goddamned whitespace	/home/travis/Arduino/hardware/ATTinyCore/avr/libraries/SPI/examples/DigitalPotControl/DigitalPotControl.ino	ATTinyCore:avr:attinyx5:LTO=disable,TimerClockSource=lowpll,chip=85,clock=20external,eesave=disable,bod=2v7,millis=enabled	1.6.9	1292	14	0	false	0	0		0	
2020-07-25 08:38:08	414	414.26	https://travis-ci.org/SpenceKonde/ATTinyCore/jobs/711683237	push		false	master	40b22faa46fbe1b98069d19853bc7377a259bd70	a486b28cc18c...40b22faa46fb	Trailing goddamned whitespace	/home/travis/Arduino/hardware/ATTinyCore/avr/libraries/Wire/examples/SFRRanger_reader/SFRRanger_reader.ino	ATTinyCore:avr:attinyx5:LTO=disable,TimerClockSource=lowpll,chip=85,clock=20external,eesave=disable,bod=2v7,millis=enabled	1.6.9	3498	136	0	false	0	0		0	
2020-07-25 08:38:13	414	414.26	https://travis-ci.org/SpenceKonde/ATTinyCore/jobs/711683237	push		false	master	40b22faa46fbe1b98069d19853bc7377a259bd70	a486b28cc18c...40b22faa46fb	Trailing goddamned whitespace	/home/travis/Arduino/hardware/ATTinyCore/avr/libraries/Wire/examples/master_writer/master_writer.ino	ATTinyCore:avr:attinyx5:LTO=disable,TimerClockSource=lowpll,chip=85,clock=20external,eesave=disable,bod=2v7,millis=enabled	1.6.9	1786	65	0	false	0	0		0	
2020-07-25 08:38:17	414	414.26	https://travis-ci.org/SpenceKonde/ATTinyCore/jobs/711683237	push		false	master	40b22faa46fbe1b98069d19853bc7377a259bd70	a486b28cc18c...40b22faa46fb	Trailing goddamned whitespace	/home/travis/Arduino/hardware/ATTinyCore/avr/libraries/Wire/examples/digital_potentiometer/digital_potentiometer.ino	ATTinyCore:avr:attinyx5:LTO=disable,TimerClockSource=lowpll,chip=85,clock=20external,eesave=disable,bod=2v7,millis=enabled	1.6.9	1688	59	0	false	0	0		0	
2020-07-25 08:38:21	414	414.26	https://travis-ci.org/SpenceKonde/ATTinyCore/jobs/711683237	push		false	master	40b22faa46fbe1b98069d19853bc7377a259bd70	a486b28cc18c...40b22faa46fb	Trailing goddamned whitespace	/home/travis/Arduino/hardware/ATTinyCore/avr/libraries/Wire/examples/slave_receiver/slave_receiver.ino	ATTinyCore:avr:attinyx5:LTO=disable,TimerClockSource=lowpll,chip=85,clock=20external,eesave=disable,bod=2v7,millis=enabled	1.6.9	2736	132	1	false	0	0		0	
2020-07-25 08:38:26	414	414.26	https://travis-ci.org/SpenceKonde/ATTinyCore/jobs/711683237	push		false	master	40b22faa46fbe1b98069d19853bc7377a259bd70	a486b28cc18c...40b22faa46fb	Trailing goddamned whitespace	/home/travis/Arduino/hardware/ATTinyCore/avr/libraries/Wire/examples/master_reader/master_reader.ino	ATTinyCore:avr:attinyx5:LTO=disable,TimerClockSource=lowpll,chip=85,clock=20external,eesave=disable,bod=2v7,millis=enabled	1.6.9	2928	134	0	false	0	0		0	
2020-07-25 08:38:30	414	414.26	https://travis-ci.org/SpenceKonde/ATTinyCore/jobs/711683237	push		false	master	40b22faa46fbe1b98069d19853bc7377a259bd70	a486b28cc18c...40b22faa46fb	Trailing goddamned whitespace	/home/travis/Arduino/hardware/ATTinyCore/avr/libraries/Wire/examples/slave_sender/slave_sender.ino	ATTinyCore:avr:attinyx5:LTO=disable,TimerClockSource=lowpll,chip=85,clock=20external,eesave=disable,bod=2v7,millis=enabled	1.6.9	1444	65	0	false	0	0		0	
2020-07-25 08:38:34	414	414.26	https://travis-ci.org/SpenceKonde/ATTinyCore/jobs/711683237	push		false	master	40b22faa46fbe1b98069d19853bc7377a259bd70	a486b28cc18c...40b22faa46fb	Trailing goddamned whitespace	/home/travis/Arduino/hardware/ATTinyCore/avr/libraries/Servo_ATTinyCore/examples/Knob/Knob.ino	ATTinyCore:avr:attinyx5:LTO=disable,TimerClockSource=lowpll,chip=85,clock=20external,eesave=disable,bod=2v7,millis=enabled	1.6.9	2372	48	0	false	0	0		0	
2020-07-25 08:38:38	414	414.26	https://travis-ci.org/SpenceKonde/ATTinyCore/jobs/711683237	push		false	master	40b22faa46fbe1b98069d19853bc7377a259bd70	a486b28cc18c...40b22faa46fb	Trailing goddamned whitespace	/home/travis/Arduino/hardware/ATTinyCore/avr/libraries/Servo_ATTinyCore/examples/Sweep/Sweep.ino	ATTinyCore:avr:attinyx5:LTO=disable,TimerClockSource=lowpll,chip=85,clock=20external,eesave=disable,bod=2v7,millis=enabled	1.6.9	2298	45	0	false	0	0		0	
2020-07-25 08:38:45	414	414.26	https://travis-ci.org/SpenceKonde/ATTinyCore/jobs/711683237	push		false	master	40b22faa46fbe1b98069d19853bc7377a259bd70	a486b28cc18c...40b22faa46fb	Trailing goddamned whitespace	/home/travis/Arduino/hardware/ATTinyCore/avr/libraries/SoftwareSerial/examples/SoftwareSerialExample/SoftwareSerialExample.ino	ATTinyCore:avr:attinyx5:LTO=disable,TimerClockSource=lowpll,chip=85,clock=20external,eesave=disable,bod=2v7,millis=enabled	1.6.13	3112	230	7	false	0	0		0	
2020-07-25 08:38:50	414	414.26	https://travis-ci.org/SpenceKonde/ATTinyCore/jobs/711683237	push		false	master	40b22faa46fbe1b98069d19853bc7377a259bd70	a486b28cc18c...40b22faa46fb	Trailing goddamned whitespace	/home/travis/Arduino/hardware/ATTinyCore/avr/libraries/SoftwareSerial/examples/TwoPortReceive/TwoPortReceive.ino	ATTinyCore:avr:attinyx5:LTO=disable,TimerClockSource=lowpll,chip=85,clock=20external,eesave=disable,bod=2v7,millis=enabled	1.6.13	3184	271	7	false	0	0		0	
2020-07-25 08:38:54	414	414.26	https://travis-ci.org/SpenceKonde/ATTinyCore/jobs/711683237	push		false	master	40b22faa46fbe1b98069d19853bc7377a259bd70	a486b28cc18c...40b22faa46fb	Trailing goddamned whitespace	/home/travis/Arduino/hardware/ATTinyCore/avr/libraries/tinyNeoPixel/examples/strandtest/strandtest.ino	ATTinyCore:avr:attinyx5:LTO=disable,TimerClockSource=lowpll,chip=85,clock=20external,eesave=disable,bod=2v7,millis=enabled	1.6.13	3532	39	0	false	0	0		0	
2020-07-25 08:38:58	414	414.26	https://travis-ci.org/SpenceKonde/ATTinyCore/jobs/711683237	push		false	master	40b22faa46fbe1b98069d19853bc7377a259bd70	a486b28cc18c...40b22faa46fb	Trailing goddamned whitespace	/home/travis/Arduino/hardware/ATTinyCore/avr/libraries/tinyNeoPixel/examples/buttoncycler/buttoncycler.ino	ATTinyCore:avr:attinyx5:LTO=disable,TimerClockSource=lowpll,chip=85,clock=20external,eesave=disable,bod=2v7,millis=enabled	1.6.13	2652	41	0	false	0	0		0	
2020-07-25 08:39:03	414	414.26	https://travis-ci.org/SpenceKonde/ATTinyCore/jobs/711683237	push		false	master	40b22faa46fbe1b98069d19853bc7377a259bd70	a486b28cc18c...40b22faa46fb	Trailing goddamned whitespace	/home/travis/Arduino/hardware/ATTinyCore/avr/libraries/tinyNeoPixel/examples/RGBWstrandtest/RGBWstrandtest.ino	ATTinyCore:avr:attinyx5:LTO=disable,TimerClockSource=lowpll,chip=85,clock=20external,eesave=disable,bod=2v7,millis=enabled	1.6.13	6320	369	6	false	0	0		0	
2020-07-25 08:39:07	414	414.26	https://travis-ci.org/SpenceKonde/ATTinyCore/jobs/711683237	push		false	master	40b22faa46fbe1b98069d19853bc7377a259bd70	a486b28cc18c...40b22faa46fb	Trailing goddamned whitespace	/home/travis/Arduino/hardware/ATTinyCore/avr/libraries/tinyNeoPixel/examples/simple/simple.ino	ATTinyCore:avr:attinyx5:LTO=disable,TimerClockSource=lowpll,chip=85,clock=20external,eesave=disable,bod=2v7,millis=enabled	1.6.13	2652	41	0	false	0	0		0	
2020-07-25 08:39:12	414	414.26	https://travis-ci.org/SpenceKonde/ATTinyCore/jobs/711683237	push		false	master	40b22faa46fbe1b98069d19853bc7377a259bd70	a486b28cc18c...40b22faa46fb	Trailing goddamned whitespace	/home/travis/Arduino/hardware/ATTinyCore/avr/libraries/Servo/examples/Knob/Knob.ino	ATTinyCore:avr:attinyx5:LTO=disable,TimerClockSource=lowpll,chip=85,clock=20external,eesave=disable,bod=2v7,millis=enabled	1.6.13	2328	48	0	false	0	0		0	
2020-07-25 08:39:16	414	414.26	https://travis-ci.org/SpenceKonde/ATTinyCore/jobs/711683237	push		false	master	40b22faa46fbe1b98069d19853bc7377a259bd70	a486b28cc18c...40b22faa46fb	Trailing goddamned whitespace	/home/travis/Arduino/hardware/ATTinyCore/avr/libraries/Servo/examples/Sweep/Sweep.ino	ATTinyCore:avr:attinyx5:LTO=disable,TimerClockSource=lowpll,chip=85,clock=20external,eesave=disable,bod=2v7,millis=enabled	1.6.13	2256	45	0	false	0	0		0	
2020-07-25 08:39:20	414	414.26	https://travis-ci.org/SpenceKonde/ATTinyCore/jobs/711683237	push		false	master	40b22faa46fbe1b98069d19853bc7377a259bd70	a486b28cc18c...40b22faa46fb	Trailing goddamned whitespace	/home/travis/Arduino/hardware/ATTinyCore/avr/libraries/EEPROM/examples/eeprom_get/eeprom_get.ino	ATTinyCore:avr:attinyx5:LTO=disable,TimerClockSource=lowpll,chip=85,clock=20external,eesave=disable,bod=2v7,millis=enabled	1.6.13	3412	145	0	false	0	0		0	
2020-07-25 08:39:24	414	414.26	https://travis-ci.org/SpenceKonde/ATTinyCore/jobs/711683237	push		false	master	40b22faa46fbe1b98069d19853bc7377a259bd70	a486b28cc18c...40b22faa46fb	Trailing goddamned whitespace	/home/travis/Arduino/hardware/ATTinyCore/avr/libraries/EEPROM/examples/eeprom_crc/eeprom_crc.ino	ATTinyCore:avr:attinyx5:LTO=disable,TimerClockSource=lowpll,chip=85,clock=20external,eesave=disable,bod=2v7,millis=enabled	1.6.13	2050	199	1	false	0	0		0	
2020-07-25 08:39:29	414	414.26	https://travis-ci.org/SpenceKonde/ATTinyCore/jobs/711683237	push		false	master	40b22faa46fbe1b98069d19853bc7377a259bd70	a486b28cc18c...40b22faa46fb	Trailing goddamned whitespace	/home/travis/Arduino/hardware/ATTinyCore/avr/libraries/EEPROM/examples/eeprom_read/eeprom_read.ino	ATTinyCore:avr:attinyx5:LTO=disable,TimerClockSource=lowpll,chip=85,clock=20external,eesave=disable,bod=2v7,millis=enabled	1.6.13	2014	90	1	false	0	0		0	
2020-07-25 08:39:33	414	414.26	https://travis-ci.org/SpenceKonde/ATTinyCore/jobs/711683237	push		false	master	40b22faa46fbe1b98069d19853bc7377a259bd70	a486b28cc18c...40b22faa46fb	Trailing goddamned whitespace	/home/travis/Arduino/hardware/ATTinyCore/avr/libraries/EEPROM/examples/eeprom_clear/eeprom_clear.ino	ATTinyCore:avr:attinyx5:LTO=disable,TimerClockSource=lowpll,chip=85,clock=20external,eesave=disable,bod=2v7,millis=enabled	1.6.13	690	9	1	false	0	0		0	
2020-07-25 08:39:37	414	414.26	https://travis-ci.org/SpenceKonde/ATTinyCore/jobs/711683237	push		false	master	40b22faa46fbe1b98069d19853bc7377a259bd70	a486b28cc18c...40b22faa46fb	Trailing goddamned whitespace	/home/travis/Arduino/hardware/ATTinyCore/avr/libraries/EEPROM/examples/eeprom_write/eeprom_write.ino	ATTinyCore:avr:attinyx5:LTO=disable,TimerClockSource=lowpll,chip=85,clock=20external,eesave=disable,bod=2v7,millis=enabled	1.6.13	668	12	0	false	0	0		0	
2020-07-25 08:39:41	414	414.26	https://travis-ci.org/SpenceKonde/ATTinyCore/jobs/711683237	push		false	master	40b22faa46fbe1b98069d19853bc7377a259bd70	a486b28cc18c...40b22faa46fb	Trailing goddamned whitespace	/home/travis/Arduino/hardware/ATTinyCore/avr/libraries/EEPROM/examples/eeprom_iteration/eeprom_iteration.ino	ATTinyCore:avr:attinyx5:LTO=disable,TimerClockSource=lowpll,chip=85,clock=20external,eesave=disable,bod=2v7,millis=enabled	1.6.13	490	9	3	false	0	0		0	
2020-07-25 08:39:46	414	414.26	https://travis-ci.org/SpenceKonde/ATTinyCore/jobs/711683237	push		false	master	40b22faa46fbe1b98069d19853bc7377a259bd70	a486b28cc18c...40b22faa46fb	Trailing goddamned whitespace	/home/travis/Arduino/hardware/ATTinyCore/avr/libraries/EEPROM/examples/eeprom_update/eeprom_update.ino	ATTinyCore:avr:attinyx5:LTO=disable,TimerClockSource=lowpll,chip=85,clock=20external,eesave=disable,bod=2v7,millis=enabled	1.6.13	716	12	1	false	0	0		0	
2020-07-25 08:39:50	414	414.26	https://travis-ci.org/SpenceKonde/ATTinyCore/jobs/711683237	push		false	master	40b22faa46fbe1b98069d19853bc7377a259bd70	a486b28cc18c...40b22faa46fb	Trailing goddamned whitespace	/home/travis/Arduino/hardware/ATTinyCore/avr/libraries/EEPROM/examples/eeprom_put/eeprom_put.ino	ATTinyCore:avr:attinyx5:LTO=disable,TimerClockSource=lowpll,chip=85,clock=20external,eesave=disable,bod=2v7,millis=enabled	1.6.13	1742	229	0	false	0	0		0	
2020-07-25 08:39:54	414	414.26	https://travis-ci.org/SpenceKonde/ATTinyCore/jobs/711683237	push		false	master	40b22faa46fbe1b98069d19853bc7377a259bd70	a486b28cc18c...40b22faa46fb	Trailing goddamned whitespace	/home/travis/Arduino/hardware/ATTinyCore/avr/libraries/ATTinyCore/examples/TemperatureRead/TemperatureRead.ino	ATTinyCore:avr:attinyx5:LTO=disable,TimerClockSource=lowpll,chip=85,clock=20external,eesave=disable,bod=2v7,millis=enabled	1.6.13	1986	92	0	false	0	0		0	
2020-07-25 08:39:58	414	414.26	https://travis-ci.org/SpenceKonde/ATTinyCore/jobs/711683237	push		false	master	40b22faa46fbe1b98069d19853bc7377a259bd70	a486b28cc18c...40b22faa46fb	Trailing goddamned whitespace	/home/travis/Arduino/hardware/ATTinyCore/avr/libraries/tinyNeoPixel_Static/examples/strandtest/strandtest.ino	ATTinyCore:avr:attinyx5:LTO=disable,TimerClockSource=lowpll,chip=85,clock=20external,eesave=disable,bod=2v7,millis=enabled	1.6.13	2540	208	5	false	0	0		0	
2020-07-25 08:40:03	414	414.26	https://travis-ci.org/SpenceKonde/ATTinyCore/jobs/711683237	push		false	master	40b22faa46fbe1b98069d19853bc7377a259bd70	a486b28cc18c...40b22faa46fb	Trailing goddamned whitespace	/home/travis/Arduino/hardware/ATTinyCore/avr/libraries/tinyNeoPixel_Static/examples/buttoncycler/buttoncycler.ino	ATTinyCore:avr:attinyx5:LTO=disable,TimerClockSource=lowpll,chip=85,clock=20external,eesave=disable,bod=2v7,millis=enabled	1.6.13	2780	80	5	false	0	0		0	
2020-07-25 08:40:07	414	414.26	https://travis-ci.org/SpenceKonde/ATTinyCore/jobs/711683237	push		false	master	40b22faa46fbe1b98069d19853bc7377a259bd70	a486b28cc18c...40b22faa46fb	Trailing goddamned whitespace	/home/travis/Arduino/hardware/ATTinyCore/avr/libraries/tinyNeoPixel_Static/examples/simple/simple.ino	ATTinyCore:avr:attinyx5:LTO=disable,TimerClockSource=lowpll,chip=85,clock=20external,eesave=disable,bod=2v7,millis=enabled	1.6.13	1690	78	1	false	0	0		0	
2020-07-25 08:40:11	414	414.26	https://travis-ci.org/SpenceKonde/ATTinyCore/jobs/711683237	push		false	master	40b22faa46fbe1b98069d19853bc7377a259bd70	a486b28cc18c...40b22faa46fb	Trailing goddamned whitespace	/home/travis/Arduino/hardware/ATTinyCore/avr/libraries/SPI/examples/BarometricPressureSensor/BarometricPressureSensor.ino	ATTinyCore:avr:attinyx5:LTO=disable,TimerClockSource=lowpll,chip=85,clock=20external,eesave=disable,bod=2v7,millis=enabled	1.6.13	6340	122	1	false	0	0		0	
2020-07-25 08:40:16	414	414.26	https://travis-ci.org/SpenceKonde/ATTinyCore/jobs/711683237	push		false	master	40b22faa46fbe1b98069d19853bc7377a259bd70	a486b28cc18c...40b22faa46fb	Trailing goddamned whitespace	/home/travis/Arduino/hardware/ATTinyCore/avr/libraries/SPI/examples/DigitalPotControl/DigitalPotControl.ino	ATTinyCore:avr:attinyx5:LTO=disable,TimerClockSource=lowpll,chip=85,clock=20external,eesave=disable,bod=2v7,millis=enabled	1.6.13	1294	14	0	false	0	0		0	
2020-07-25 08:40:20	414	414.26	https://travis-ci.org/SpenceKonde/ATTinyCore/jobs/711683237	push		false	master	40b22faa46fbe1b98069d19853bc7377a259bd70	a486b28cc18c...40b22faa46fb	Trailing goddamned whitespace	/home/travis/Arduino/hardware/ATTinyCore/avr/libraries/Wire/examples/SFRRanger_reader/SFRRanger_reader.ino	ATTinyCore:avr:attinyx5:LTO=disable,TimerClockSource=lowpll,chip=85,clock=20external,eesave=disable,bod=2v7,millis=enabled	1.6.13	3424	136	0	false	0	0		0	
2020-07-25 08:40:25	414	414.26	https://travis-ci.org/SpenceKonde/ATTinyCore/jobs/711683237	push		false	master	40b22faa46fbe1b98069d19853bc7377a259bd70	a486b28cc18c...40b22faa46fb	Trailing goddamned whitespace	/home/travis/Arduino/hardware/ATTinyCore/avr/libraries/Wire/examples/master_writer/master_writer.ino	ATTinyCore:avr:attinyx5:LTO=disable,TimerClockSource=lowpll,chip=85,clock=20external,eesave=disable,bod=2v7,millis=enabled	1.6.13	1764	65	0	false	0	0		0	
2020-07-25 08:40:29	414	414.26	https://travis-ci.org/SpenceKonde/ATTinyCore/jobs/711683237	push		false	master	40b22faa46fbe1b98069d19853bc7377a259bd70	a486b28cc18c...40b22faa46fb	Trailing goddamned whitespace	/home/travis/Arduino/hardware/ATTinyCore/avr/libraries/Wire/examples/digital_potentiometer/digital_potentiometer.ino	ATTinyCore:avr:attinyx5:LTO=disable,TimerClockSource=lowpll,chip=85,clock=20external,eesave=disable,bod=2v7,millis=enabled	1.6.13	1668	59	0	false	0	0		0	
2020-07-25 08:40:34	414	414.26	https://travis-ci.org/SpenceKonde/ATTinyCore/jobs/711683237	push		false	master	40b22faa46fbe1b98069d19853bc7377a259bd70	a486b28cc18c...40b22faa46fb	Trailing goddamned whitespace	/home/travis/Arduino/hardware/ATTinyCore/avr/libraries/Wire/examples/slave_receiver/slave_receiver.ino	ATTinyCore:avr:attinyx5:LTO=disable,TimerClockSource=lowpll,chip=85,clock=20external,eesave=disable,bod=2v7,millis=enabled	1.6.13	2674	132	1	false	0	0		0	
2020-07-25 08:40:38	414	414.26	https://travis-ci.org/SpenceKonde/ATTinyCore/jobs/711683237	push		false	master	40b22faa46fbe1b98069d19853bc7377a259bd70	a486b28cc18c...40b22faa46fb	Trailing goddamned whitespace	/home/travis/Arduino/hardware/ATTinyCore/avr/libraries/Wire/examples/master_reader/master_reader.ino	ATTinyCore:avr:attinyx5:LTO=disable,TimerClockSource=lowpll,chip=85,clock=20external,eesave=disable,bod=2v7,millis=enabled	1.6.13	2864	134	0	false	0	0		0	
2020-07-25 08:40:42	414	414.26	https://travis-ci.org/SpenceKonde/ATTinyCore/jobs/711683237	push		false	master	40b22faa46fbe1b98069d19853bc7377a259bd70	a486b28cc18c...40b22faa46fb	Trailing goddamned whitespace	/home/travis/Arduino/hardware/ATTinyCore/avr/libraries/Wire/examples/slave_sender/slave_sender.ino	ATTinyCore:avr:attinyx5:LTO=disable,TimerClockSource=lowpll,chip=85,clock=20external,eesave=disable,bod=2v7,millis=enabled	1.6.13	1422	65	0	false	0	0		0	
2020-07-25 08:40:47	414	414.26	https://travis-ci.org/SpenceKonde/ATTinyCore/jobs/711683237	push		false	master	40b22faa46fbe1b98069d19853bc7377a259bd70	a486b28cc18c...40b22faa46fb	Trailing goddamned whitespace	/home/travis/Arduino/hardware/ATTinyCore/avr/libraries/Servo_ATTinyCore/examples/Knob/Knob.ino	ATTinyCore:avr:attinyx5:LTO=disable,TimerClockSource=lowpll,chip=85,clock=20external,eesave=disable,bod=2v7,millis=enabled	1.6.13	2328	48	0	false	0	0		0	
2020-07-25 08:40:51	414	414.26	https://travis-ci.org/SpenceKonde/ATTinyCore/jobs/711683237	push		false	master	40b22faa46fbe1b98069d19853bc7377a259bd70	a486b28cc18c...40b22faa46fb	Trailing goddamned whitespace	/home/travis/Arduino/hardware/ATTinyCore/avr/libraries/Servo_ATTinyCore/examples/Sweep/Sweep.ino	ATTinyCore:avr:attinyx5:LTO=disable,TimerClockSource=lowpll,chip=85,clock=20external,eesave=disable,bod=2v7,millis=enabled	1.6.13	2256	45	0	false	0	0		0	
2020-07-25 08:40:56	414	414.26	https://travis-ci.org/SpenceKonde/ATTinyCore/jobs/711683237	push		false	master	40b22faa46fbe1b98069d19853bc7377a259bd70	a486b28cc18c...40b22faa46fb	Trailing goddamned whitespace	/home/travis/Arduino/hardware/ATTinyCore/avr/libraries/SoftwareSerial/examples/SoftwareSerialExample/SoftwareSerialExample.ino	ATTinyCore:avr:attinyx5:LTO=disable,TimerClockSource=lowpll,chip=85,clock=20external,eesave=disable,bod=2v7,millis=enabled	1.8.6	3088	224	7	false	0	0		0	
2020-07-25 08:40:59	414	414.26	https://travis-ci.org/SpenceKonde/ATTinyCore/jobs/711683237	push		false	master	40b22faa46fbe1b98069d19853bc7377a259bd70	a486b28cc18c...40b22faa46fb	Trailing goddamned whitespace	/home/travis/Arduino/hardware/ATTinyCore/avr/libraries/SoftwareSerial/examples/TwoPortReceive/TwoPortReceive.ino	ATTinyCore:avr:attinyx5:LTO=disable,TimerClockSource=lowpll,chip=85,clock=20external,eesave=disable,bod=2v7,millis=enabled	1.8.6	3160	265	7	false	0	0		0	
2020-07-25 08:41:02	414	414.26	https://travis-ci.org/SpenceKonde/ATTinyCore/jobs/711683237	push		false	master	40b22faa46fbe1b98069d19853bc7377a259bd70	a486b28cc18c...40b22faa46fb	Trailing goddamned whitespace	/home/travis/Arduino/hardware/ATTinyCore/avr/libraries/tinyNeoPixel/examples/strandtest/strandtest.ino	ATTinyCore:avr:attinyx5:LTO=disable,TimerClockSource=lowpll,chip=85,clock=20external,eesave=disable,bod=2v7,millis=enabled	1.8.6	3488	39	0	false	0	0		0	
2020-07-25 08:41:04	414	414.26	https://travis-ci.org/SpenceKonde/ATTinyCore/jobs/711683237	push		false	master	40b22faa46fbe1b98069d19853bc7377a259bd70	a486b28cc18c...40b22faa46fb	Trailing goddamned whitespace	/home/travis/Arduino/hardware/ATTinyCore/avr/libraries/tinyNeoPixel/examples/buttoncycler/buttoncycler.ino	ATTinyCore:avr:attinyx5:LTO=disable,TimerClockSource=lowpll,chip=85,clock=20external,eesave=disable,bod=2v7,millis=enabled	1.8.6	2608	41	0	false	0	0		0	
2020-07-25 08:41:07	414	414.26	https://travis-ci.org/SpenceKonde/ATTinyCore/jobs/711683237	push		false	master	40b22faa46fbe1b98069d19853bc7377a259bd70	a486b28cc18c...40b22faa46fb	Trailing goddamned whitespace	/home/travis/Arduino/hardware/ATTinyCore/avr/libraries/tinyNeoPixel/examples/RGBWstrandtest/RGBWstrandtest.ino	ATTinyCore:avr:attinyx5:LTO=disable,TimerClockSource=lowpll,chip=85,clock=20external,eesave=disable,bod=2v7,millis=enabled	1.8.6	6268	369	6	false	0	0		0	
2020-07-25 08:41:10	414	414.26	https://travis-ci.org/SpenceKonde/ATTinyCore/jobs/711683237	push		false	master	40b22faa46fbe1b98069d19853bc7377a259bd70	a486b28cc18c...40b22faa46fb	Trailing goddamned whitespace	/home/travis/Arduino/hardware/ATTinyCore/avr/libraries/tinyNeoPixel/examples/simple/simple.ino	ATTinyCore:avr:attinyx5:LTO=disable,TimerClockSource=lowpll,chip=85,clock=20external,eesave=disable,bod=2v7,millis=enabled	1.8.6	2608	41	0	false	0	0		0	
2020-07-25 08:41:13	414	414.26	https://travis-ci.org/SpenceKonde/ATTinyCore/jobs/711683237	push		false	master	40b22faa46fbe1b98069d19853bc7377a259bd70	a486b28cc18c...40b22faa46fb	Trailing goddamned whitespace	/home/travis/Arduino/hardware/ATTinyCore/avr/libraries/Servo/examples/Knob/Knob.ino	ATTinyCore:avr:attinyx5:LTO=disable,TimerClockSource=lowpll,chip=85,clock=20external,eesave=disable,bod=2v7,millis=enabled	1.8.6	2118	44	0	false	0	0		0	
2020-07-25 08:41:15	414	414.26	https://travis-ci.org/SpenceKonde/ATTinyCore/jobs/711683237	push		false	master	40b22faa46fbe1b98069d19853bc7377a259bd70	a486b28cc18c...40b22faa46fb	Trailing goddamned whitespace	/home/travis/Arduino/hardware/ATTinyCore/avr/libraries/Servo/examples/Sweep/Sweep.ino	ATTinyCore:avr:attinyx5:LTO=disable,TimerClockSource=lowpll,chip=85,clock=20external,eesave=disable,bod=2v7,millis=enabled	1.8.6	2046	41	0	false	0	0		0	
2020-07-25 08:41:18	414	414.26	https://travis-ci.org/SpenceKonde/ATTinyCore/jobs/711683237	push		false	master	40b22faa46fbe1b98069d19853bc7377a259bd70	a486b28cc18c...40b22faa46fb	Trailing goddamned whitespace	/home/travis/Arduino/hardware/ATTinyCore/avr/libraries/EEPROM/examples/eeprom_get/eeprom_get.ino	ATTinyCore:avr:attinyx5:LTO=disable,TimerClockSource=lowpll,chip=85,clock=20external,eesave=disable,bod=2v7,millis=enabled	1.8.6	3400	139	0	false	0	0		0	
2020-07-25 08:41:20	414	414.26	https://travis-ci.org/SpenceKonde/ATTinyCore/jobs/711683237	push		false	master	40b22faa46fbe1b98069d19853bc7377a259bd70	a486b28cc18c...40b22faa46fb	Trailing goddamned whitespace	/home/travis/Arduino/hardware/ATTinyCore/avr/libraries/EEPROM/examples/eeprom_crc/eeprom_crc.ino	ATTinyCore:avr:attinyx5:LTO=disable,TimerClockSource=lowpll,chip=85,clock=20external,eesave=disable,bod=2v7,millis=enabled	1.8.6	2028	193	1	false	0	0		0	
2020-07-25 08:41:23	414	414.26	https://travis-ci.org/SpenceKonde/ATTinyCore/jobs/711683237	push		false	master	40b22faa46fbe1b98069d19853bc7377a259bd70	a486b28cc18c...40b22faa46fb	Trailing goddamned whitespace	/home/travis/Arduino/hardware/ATTinyCore/avr/libraries/EEPROM/examples/eeprom_read/eeprom_read.ino	ATTinyCore:avr:attinyx5:LTO=disable,TimerClockSource=lowpll,chip=85,clock=20external,eesave=disable,bod=2v7,millis=enabled	1.8.6	1992	84	1	false	0	0		0	
2020-07-25 08:41:26	414	414.26	https://travis-ci.org/SpenceKonde/ATTinyCore/jobs/711683237	push		false	master	40b22faa46fbe1b98069d19853bc7377a259bd70	a486b28cc18c...40b22faa46fb	Trailing goddamned whitespace	/home/travis/Arduino/hardware/ATTinyCore/avr/libraries/EEPROM/examples/eeprom_clear/eeprom_clear.ino	ATTinyCore:avr:attinyx5:LTO=disable,TimerClockSource=lowpll,chip=85,clock=20external,eesave=disable,bod=2v7,millis=enabled	1.8.6	696	9	1	false	0	0		0	
2020-07-25 08:41:28	414	414.26	https://travis-ci.org/SpenceKonde/ATTinyCore/jobs/711683237	push		false	master	40b22faa46fbe1b98069d19853bc7377a259bd70	a486b28cc18c...40b22faa46fb	Trailing goddamned whitespace	/home/travis/Arduino/hardware/ATTinyCore/avr/libraries/EEPROM/examples/eeprom_write/eeprom_write.ino	ATTinyCore:avr:attinyx5:LTO=disable,TimerClockSource=lowpll,chip=85,clock=20external,eesave=disable,bod=2v7,millis=enabled	1.8.6	668	12	0	false	0	0		0	
2020-07-25 08:41:31	414	414.26	https://travis-ci.org/SpenceKonde/ATTinyCore/jobs/711683237	push		false	master	40b22faa46fbe1b98069d19853bc7377a259bd70	a486b28cc18c...40b22faa46fb	Trailing goddamned whitespace	/home/travis/Arduino/hardware/ATTinyCore/avr/libraries/EEPROM/examples/eeprom_iteration/eeprom_iteration.ino	ATTinyCore:avr:attinyx5:LTO=disable,TimerClockSource=lowpll,chip=85,clock=20external,eesave=disable,bod=2v7,millis=enabled	1.8.6	478	9	3	false	0	0		0	
2020-07-25 08:41:34	414	414.26	https://travis-ci.org/SpenceKonde/ATTinyCore/jobs/711683237	push		false	master	40b22faa46fbe1b98069d19853bc7377a259bd70	a486b28cc18c...40b22faa46fb	Trailing goddamned whitespace	/home/travis/Arduino/hardware/ATTinyCore/avr/libraries/EEPROM/examples/eeprom_update/eeprom_update.ino	ATTinyCore:avr:attinyx5:LTO=disable,TimerClockSource=lowpll,chip=85,clock=20external,eesave=disable,bod=2v7,millis=enabled	1.8.6	716	12	1	false	0	0		0	
2020-07-25 08:41:36	414	414.26	https://travis-ci.org/SpenceKonde/ATTinyCore/jobs/711683237	push		false	master	40b22faa46fbe1b98069d19853bc7377a259bd70	a486b28cc18c...40b22faa46fb	Trailing goddamned whitespace	/home/travis/Arduino/hardware/ATTinyCore/avr/libraries/EEPROM/examples/eeprom_put/eeprom_put.ino	ATTinyCore:avr:attinyx5:LTO=disable,TimerClockSource=lowpll,chip=85,clock=20external,eesave=disable,bod=2v7,millis=enabled	1.8.6	1696	223	0	false	0	0		0	
2020-07-25 08:41:39	414	414.26	https://travis-ci.org/SpenceKonde/ATTinyCore/jobs/711683237	push		false	master	40b22faa46fbe1b98069d19853bc7377a259bd70	a486b28cc18c...40b22faa46fb	Trailing goddamned whitespace	/home/travis/Arduino/hardware/ATTinyCore/avr/libraries/ATTinyCore/examples/TemperatureRead/TemperatureRead.ino	ATTinyCore:avr:attinyx5:LTO=disable,TimerClockSource=lowpll,chip=85,clock=20external,eesave=disable,bod=2v7,millis=enabled	1.8.6	1966	86	0	false	0	0		0	
2020-07-25 08:41:42	414	414.26	https://travis-ci.org/SpenceKonde/ATTinyCore/jobs/711683237	push		false	master	40b22faa46fbe1b98069d19853bc7377a259bd70	a486b28cc18c...40b22faa46fb	Trailing goddamned whitespace	/home/travis/Arduino/hardware/ATTinyCore/avr/libraries/tinyNeoPixel_Static/examples/strandtest/strandtest.ino	ATTinyCore:avr:attinyx5:LTO=disable,TimerClockSource=lowpll,chip=85,clock=20external,eesave=disable,bod=2v7,millis=enabled	1.8.6	2530	208	5	false	0	0		0	
2020-07-25 08:41:44	414	414.26	https://travis-ci.org/SpenceKonde/ATTinyCore/jobs/711683237	push		false	master	40b22faa46fbe1b98069d19853bc7377a259bd70	a486b28cc18c...40b22faa46fb	Trailing goddamned whitespace	/home/travis/Arduino/hardware/ATTinyCore/avr/libraries/tinyNeoPixel_Static/examples/buttoncycler/buttoncycler.ino	ATTinyCore:avr:attinyx5:LTO=disable,TimerClockSource=lowpll,chip=85,clock=20external,eesave=disable,bod=2v7,millis=enabled	1.8.6	2784	80	5	false	0	0		0	
2020-07-25 08:41:47	414	414.26	https://travis-ci.org/SpenceKonde/ATTinyCore/jobs/711683237	push		false	master	40b22faa46fbe1b98069d19853bc7377a259bd70	a486b28cc18c...40b22faa46fb	Trailing goddamned whitespace	/home/travis/Arduino/hardware/ATTinyCore/avr/libraries/tinyNeoPixel_Static/examples/simple/simple.ino	ATTinyCore:avr:attinyx5:LTO=disable,TimerClockSource=lowpll,chip=85,clock=20external,eesave=disable,bod=2v7,millis=enabled	1.8.6	1680	78	1	false	0	0		0	
2020-07-25 08:41:50	414	414.26	https://travis-ci.org/SpenceKonde/ATTinyCore/jobs/711683237	push		false	master	40b22faa46fbe1b98069d19853bc7377a259bd70	a486b28cc18c...40b22faa46fb	Trailing goddamned whitespace	/home/travis/Arduino/hardware/ATTinyCore/avr/libraries/SPI/examples/BarometricPressureSensor/BarometricPressureSensor.ino	ATTinyCore:avr:attinyx5:LTO=disable,TimerClockSource=lowpll,chip=85,clock=20external,eesave=disable,bod=2v7,millis=enabled	1.8.6	6282	122	1	false	0	0		0	
2020-07-25 08:41:53	414	414.26	https://travis-ci.org/SpenceKonde/ATTinyCore/jobs/711683237	push		false	master	40b22faa46fbe1b98069d19853bc7377a259bd70	a486b28cc18c...40b22faa46fb	Trailing goddamned whitespace	/home/travis/Arduino/hardware/ATTinyCore/avr/libraries/SPI/examples/DigitalPotControl/DigitalPotControl.ino	ATTinyCore:avr:attinyx5:LTO=disable,TimerClockSource=lowpll,chip=85,clock=20external,eesave=disable,bod=2v7,millis=enabled	1.8.6	1286	14	0	false	0	0		0	
2020-07-25 08:41:55	414	414.26	https://travis-ci.org/SpenceKonde/ATTinyCore/jobs/711683237	push		false	master	40b22faa46fbe1b98069d19853bc7377a259bd70	a486b28cc18c...40b22faa46fb	Trailing goddamned whitespace	/home/travis/Arduino/hardware/ATTinyCore/avr/libraries/Wire/examples/SFRRanger_reader/SFRRanger_reader.ino	ATTinyCore:avr:attinyx5:LTO=disable,TimerClockSource=lowpll,chip=85,clock=20external,eesave=disable,bod=2v7,millis=enabled	1.8.6	3404	130	0	false	0	0		0	
2020-07-25 08:41:58	414	414.26	https://travis-ci.org/SpenceKonde/ATTinyCore/jobs/711683237	push		false	master	40b22faa46fbe1b98069d19853bc7377a259bd70	a486b28cc18c...40b22faa46fb	Trailing goddamned whitespace	/home/travis/Arduino/hardware/ATTinyCore/avr/libraries/Wire/examples/master_writer/master_writer.ino	ATTinyCore:avr:attinyx5:LTO=disable,TimerClockSource=lowpll,chip=85,clock=20external,eesave=disable,bod=2v7,millis=enabled	1.8.6	1764	65	0	false	0	0		0	
2020-07-25 08:42:01	414	414.26	https://travis-ci.org/SpenceKonde/ATTinyCore/jobs/711683237	push		false	master	40b22faa46fbe1b98069d19853bc7377a259bd70	a486b28cc18c...40b22faa46fb	Trailing goddamned whitespace	/home/travis/Arduino/hardware/ATTinyCore/avr/libraries/Wire/examples/digital_potentiometer/digital_potentiometer.ino	ATTinyCore:avr:attinyx5:LTO=disable,TimerClockSource=lowpll,chip=85,clock=20external,eesave=disable,bod=2v7,millis=enabled	1.8.6	1668	59	0	false	0	0		0	
2020-07-25 08:42:04	414	414.26	https://travis-ci.org/SpenceKonde/ATTinyCore/jobs/711683237	push		false	master	40b22faa46fbe1b98069d19853bc7377a259bd70	a486b28cc18c...40b22faa46fb	Trailing goddamned whitespace	/home/travis/Arduino/hardware/ATTinyCore/avr/libraries/Wire/examples/slave_receiver/slave_receiver.ino	ATTinyCore:avr:attinyx5:LTO=disable,TimerClockSource=lowpll,chip=85,clock=20external,eesave=disable,bod=2v7,millis=enabled	1.8.6	2640	126	1	false	0	0		0	
2020-07-25 08:42:07	414	414.26	https://travis-ci.org/SpenceKonde/ATTinyCore/jobs/711683237	push		false	master	40b22faa46fbe1b98069d19853bc7377a259bd70	a486b28cc18c...40b22faa46fb	Trailing goddamned whitespace	/home/travis/Arduino/hardware/ATTinyCore/avr/libraries/Wire/examples/master_reader/master_reader.ino	ATTinyCore:avr:attinyx5:LTO=disable,TimerClockSource=lowpll,chip=85,clock=20external,eesave=disable,bod=2v7,millis=enabled	1.8.6	2842	128	0	false	0	0		0	
2020-07-25 08:42:10	414	414.26	https://travis-ci.org/SpenceKonde/ATTinyCore/jobs/711683237	push		false	master	40b22faa46fbe1b98069d19853bc7377a259bd70	a486b28cc18c...40b22faa46fb	Trailing goddamned whitespace	/home/travis/Arduino/hardware/ATTinyCore/avr/libraries/Wire/examples/slave_sender/slave_sender.ino	ATTinyCore:avr:attinyx5:LTO=disable,TimerClockSource=lowpll,chip=85,clock=20external,eesave=disable,bod=2v7,millis=enabled	1.8.6	1408	65	0	false	0	0		0	
2020-07-25 08:42:12	414	414.26	https://travis-ci.org/SpenceKonde/ATTinyCore/jobs/711683237	push		false	master	40b22faa46fbe1b98069d19853bc7377a259bd70	a486b28cc18c...40b22faa46fb	Trailing goddamned whitespace	/home/travis/Arduino/hardware/ATTinyCore/avr/libraries/Servo_ATTinyCore/examples/Knob/Knob.ino	ATTinyCore:avr:attinyx5:LTO=disable,TimerClockSource=lowpll,chip=85,clock=20external,eesave=disable,bod=2v7,millis=enabled	1.8.6	2118	44	0	false	0	0		0	
2020-07-25 08:42:15	414	414.26	https://travis-ci.org/SpenceKonde/ATTinyCore/jobs/711683237	push		false	master	40b22faa46fbe1b98069d19853bc7377a259bd70	a486b28cc18c...40b22faa46fb	Trailing goddamned whitespace	/home/travis/Arduino/hardware/ATTinyCore/avr/libraries/Servo_ATTinyCore/examples/Sweep/Sweep.ino	ATTinyCore:avr:attinyx5:LTO=disable,TimerClockSource=lowpll,chip=85,clock=20external,eesave=disable,bod=2v7,millis=enabled	1.8.6	2046	41	0	false	0	0		0	
2020-07-25 08:42:21	414	414.26	https://travis-ci.org/SpenceKonde/ATTinyCore/jobs/711683237	push		false	master	40b22faa46fbe1b98069d19853bc7377a259bd70	a486b28cc18c...40b22faa46fb	Trailing goddamned whitespace	/home/travis/Arduino/hardware/ATTinyCore/avr/libraries/SoftwareSerial/examples/SoftwareSerialExample/SoftwareSerialExample.ino	ATTinyCore:avr:attinyx5:LTO=disable,TimerClockSource=lowpll,chip=85,clock=20external,eesave=disable,bod=2v7,millis=enabled	1.8.13	3084	224	4	false	0	0		0	
2020-07-25 08:42:24	414	414.26	https://travis-ci.org/SpenceKonde/ATTinyCore/jobs/711683237	push		false	master	40b22faa46fbe1b98069d19853bc7377a259bd70	a486b28cc18c...40b22faa46fb	Trailing goddamned whitespace	/home/travis/Arduino/hardware/ATTinyCore/avr/libraries/SoftwareSerial/examples/TwoPortReceive/TwoPortReceive.ino	ATTinyCore:avr:attinyx5:LTO=disable,TimerClockSource=lowpll,chip=85,clock=20external,eesave=disable,bod=2v7,millis=enabled	1.8.13	3156	265	4	false	0	0		0	
2020-07-25 08:42:28	414	414.26	https://travis-ci.org/SpenceKonde/ATTinyCore/jobs/711683237	push		false	master	40b22faa46fbe1b98069d19853bc7377a259bd70	a486b28cc18c...40b22faa46fb	Trailing goddamned whitespace	/home/travis/Arduino/hardware/ATTinyCore/avr/libraries/tinyNeoPixel/examples/strandtest/strandtest.ino	ATTinyCore:avr:attinyx5:LTO=disable,TimerClockSource=lowpll,chip=85,clock=20external,eesave=disable,bod=2v7,millis=enabled	1.8.13	3464	39	0	false	0	0		0	
2020-07-25 08:42:31	414	414.26	https://travis-ci.org/SpenceKonde/ATTinyCore/jobs/711683237	push		false	master	40b22faa46fbe1b98069d19853bc7377a259bd70	a486b28cc18c...40b22faa46fb	Trailing goddamned whitespace	/home/travis/Arduino/hardware/ATTinyCore/avr/libraries/tinyNeoPixel/examples/buttoncycler/buttoncycler.ino	ATTinyCore:avr:attinyx5:LTO=disable,TimerClockSource=lowpll,chip=85,clock=20external,eesave=disable,bod=2v7,millis=enabled	1.8.13	2584	41	0	false	0	0		0	
2020-07-25 08:42:34	414	414.26	https://travis-ci.org/SpenceKonde/ATTinyCore/jobs/711683237	push		false	master	40b22faa46fbe1b98069d19853bc7377a259bd70	a486b28cc18c...40b22faa46fb	Trailing goddamned whitespace	/home/travis/Arduino/hardware/ATTinyCore/avr/libraries/tinyNeoPixel/examples/RGBWstrandtest/RGBWstrandtest.ino	ATTinyCore:avr:attinyx5:LTO=disable,TimerClockSource=lowpll,chip=85,clock=20external,eesave=disable,bod=2v7,millis=enabled	1.8.13	6226	369	6	false	0	0		0	
2020-07-25 08:42:37	414	414.26	https://travis-ci.org/SpenceKonde/ATTinyCore/jobs/711683237	push		false	master	40b22faa46fbe1b98069d19853bc7377a259bd70	a486b28cc18c...40b22faa46fb	Trailing goddamned whitespace	/home/travis/Arduino/hardware/ATTinyCore/avr/libraries/tinyNeoPixel/examples/simple/simple.ino	ATTinyCore:avr:attinyx5:LTO=disable,TimerClockSource=lowpll,chip=85,clock=20external,eesave=disable,bod=2v7,millis=enabled	1.8.13	2584	41	0	false	0	0		0	
2020-07-25 08:42:40	414	414.26	https://travis-ci.org/SpenceKonde/ATTinyCore/jobs/711683237	push		false	master	40b22faa46fbe1b98069d19853bc7377a259bd70	a486b28cc18c...40b22faa46fb	Trailing goddamned whitespace	/home/travis/Arduino/hardware/ATTinyCore/avr/libraries/Servo/examples/Knob/Knob.ino	ATTinyCore:avr:attinyx5:LTO=disable,TimerClockSource=lowpll,chip=85,clock=20external,eesave=disable,bod=2v7,millis=enabled	1.8.13	2100	44	0	false	0	0		0	
2020-07-25 08:42:43	414	414.26	https://travis-ci.org/SpenceKonde/ATTinyCore/jobs/711683237	push		false	master	40b22faa46fbe1b98069d19853bc7377a259bd70	a486b28cc18c...40b22faa46fb	Trailing goddamned whitespace	/home/travis/Arduino/hardware/ATTinyCore/avr/libraries/Servo/examples/Sweep/Sweep.ino	ATTinyCore:avr:attinyx5:LTO=disable,TimerClockSource=lowpll,chip=85,clock=20external,eesave=disable,bod=2v7,millis=enabled	1.8.13	2044	41	0	false	0	0		0	
2020-07-25 08:42:46	414	414.26	https://travis-ci.org/SpenceKonde/ATTinyCore/jobs/711683237	push		false	master	40b22faa46fbe1b98069d19853bc7377a259bd70	a486b28cc18c...40b22faa46fb	Trailing goddamned whitespace	/home/travis/Arduino/hardware/ATTinyCore/avr/libraries/EEPROM/examples/eeprom_get/eeprom_get.ino	ATTinyCore:avr:attinyx5:LTO=disable,TimerClockSource=lowpll,chip=85,clock=20external,eesave=disable,bod=2v7,millis=enabled	1.8.13	3360	139	0	false	0	0		0	
2020-07-25 08:42:49	414	414.26	https://travis-ci.org/SpenceKonde/ATTinyCore/jobs/711683237	push		false	master	40b22faa46fbe1b98069d19853bc7377a259bd70	a486b28cc18c...40b22faa46fb	Trailing goddamned whitespace	/home/travis/Arduino/hardware/ATTinyCore/avr/libraries/EEPROM/examples/eeprom_crc/eeprom_crc.ino	ATTinyCore:avr:attinyx5:LTO=disable,TimerClockSource=lowpll,chip=85,clock=20external,eesave=disable,bod=2v7,millis=enabled	1.8.13	2016	193	1	false	0	0		0	
2020-07-25 08:42:52	414	414.26	https://travis-ci.org/SpenceKonde/ATTinyCore/jobs/711683237	push		false	master	40b22faa46fbe1b98069d19853bc7377a259bd70	a486b28cc18c...40b22faa46fb	Trailing goddamned whitespace	/home/travis/Arduino/hardware/ATTinyCore/avr/libraries/EEPROM/examples/eeprom_read/eeprom_read.ino	ATTinyCore:avr:attinyx5:LTO=disable,TimerClockSource=lowpll,chip=85,clock=20external,eesave=disable,bod=2v7,millis=enabled	1.8.13	1976	84	1	false	0	0		0	
2020-07-25 08:42:55	414	414.26	https://travis-ci.org/SpenceKonde/ATTinyCore/jobs/711683237	push		false	master	40b22faa46fbe1b98069d19853bc7377a259bd70	a486b28cc18c...40b22faa46fb	Trailing goddamned whitespace	/home/travis/Arduino/hardware/ATTinyCore/avr/libraries/EEPROM/examples/eeprom_clear/eeprom_clear.ino	ATTinyCore:avr:attinyx5:LTO=disable,TimerClockSource=lowpll,chip=85,clock=20external,eesave=disable,bod=2v7,millis=enabled	1.8.13	690	9	1	false	0	0		0	
2020-07-25 08:42:58	414	414.26	https://travis-ci.org/SpenceKonde/ATTinyCore/jobs/711683237	push		false	master	40b22faa46fbe1b98069d19853bc7377a259bd70	a486b28cc18c...40b22faa46fb	Trailing goddamned whitespace	/home/travis/Arduino/hardware/ATTinyCore/avr/libraries/EEPROM/examples/eeprom_write/eeprom_write.ino	ATTinyCore:avr:attinyx5:LTO=disable,TimerClockSource=lowpll,chip=85,clock=20external,eesave=disable,bod=2v7,millis=enabled	1.8.13	652	12	0	false	0	0		0	
2020-07-25 08:43:01	414	414.26	https://travis-ci.org/SpenceKonde/ATTinyCore/jobs/711683237	push		false	master	40b22faa46fbe1b98069d19853bc7377a259bd70	a486b28cc18c...40b22faa46fb	Trailing goddamned whitespace	/home/travis/Arduino/hardware/ATTinyCore/avr/libraries/EEPROM/examples/eeprom_iteration/eeprom_iteration.ino	ATTinyCore:avr:attinyx5:LTO=disable,TimerClockSource=lowpll,chip=85,clock=20external,eesave=disable,bod=2v7,millis=enabled	1.8.13	478	9	3	false	0	0		0	
2020-07-25 08:43:04	414	414.26	https://travis-ci.org/SpenceKonde/ATTinyCore/jobs/711683237	push		false	master	40b22faa46fbe1b98069d19853bc7377a259bd70	a486b28cc18c...40b22faa46fb	Trailing goddamned whitespace	/home/travis/Arduino/hardware/ATTinyCore/avr/libraries/EEPROM/examples/eeprom_update/eeprom_update.ino	ATTinyCore:avr:attinyx5:LTO=disable,TimerClockSource=lowpll,chip=85,clock=20external,eesave=disable,bod=2v7,millis=enabled	1.8.13	700	12	1	false	0	0		0	
2020-07-25 08:43:07	414	414.26	https://travis-ci.org/SpenceKonde/ATTinyCore/jobs/711683237	push		false	master	40b22faa46fbe1b98069d19853bc7377a259bd70	a486b28cc18c...40b22faa46fb	Trailing goddamned whitespace	/home/travis/Arduino/hardware/ATTinyCore/avr/libraries/EEPROM/examples/eeprom_put/eeprom_put.ino	ATTinyCore:avr:attinyx5:LTO=disable,TimerClockSource=lowpll,chip=85,clock=20external,eesave=disable,bod=2v7,millis=enabled	1.8.13	1686	223	0	false	0	0		0	
2020-07-25 08:43:10	414	414.26	https://travis-ci.org/SpenceKonde/ATTinyCore/jobs/711683237	push		false	master	40b22faa46fbe1b98069d19853bc7377a259bd70	a486b28cc18c...40b22faa46fb	Trailing goddamned whitespace	/home/travis/Arduino/hardware/ATTinyCore/avr/libraries/ATTinyCore/examples/TemperatureRead/TemperatureRead.ino	ATTinyCore:avr:attinyx5:LTO=disable,TimerClockSource=lowpll,chip=85,clock=20external,eesave=disable,bod=2v7,millis=enabled	1.8.13	1934	86	0	false	0	0		0	
2020-07-25 08:43:13	414	414.26	https://travis-ci.org/SpenceKonde/ATTinyCore/jobs/711683237	push		false	master	40b22faa46fbe1b98069d19853bc7377a259bd70	a486b28cc18c...40b22faa46fb	Trailing goddamned whitespace	/home/travis/Arduino/hardware/ATTinyCore/avr/libraries/tinyNeoPixel_Static/examples/strandtest/strandtest.ino	ATTinyCore:avr:attinyx5:LTO=disable,TimerClockSource=lowpll,chip=85,clock=20external,eesave=disable,bod=2v7,millis=enabled	1.8.13	2502	208	5	false	0	0		0	
2020-07-25 08:43:16	414	414.26	https://travis-ci.org/SpenceKonde/ATTinyCore/jobs/711683237	push		false	master	40b22faa46fbe1b98069d19853bc7377a259bd70	a486b28cc18c...40b22faa46fb	Trailing goddamned whitespace	/home/travis/Arduino/hardware/ATTinyCore/avr/libraries/tinyNeoPixel_Static/examples/buttoncycler/buttoncycler.ino	ATTinyCore:avr:attinyx5:LTO=disable,TimerClockSource=lowpll,chip=85,clock=20external,eesave=disable,bod=2v7,millis=enabled	1.8.13	2744	80	5	false	0	0		0	
2020-07-25 08:43:19	414	414.26	https://travis-ci.org/SpenceKonde/ATTinyCore/jobs/711683237	push		false	master	40b22faa46fbe1b98069d19853bc7377a259bd70	a486b28cc18c...40b22faa46fb	Trailing goddamned whitespace	/home/travis/Arduino/hardware/ATTinyCore/avr/libraries/tinyNeoPixel_Static/examples/simple/simple.ino	ATTinyCore:avr:attinyx5:LTO=disable,TimerClockSource=lowpll,chip=85,clock=20external,eesave=disable,bod=2v7,millis=enabled	1.8.13	1656	78	1	false	0	0		0	
2020-07-25 08:43:23	414	414.26	https://travis-ci.org/SpenceKonde/ATTinyCore/jobs/711683237	push		false	master	40b22faa46fbe1b98069d19853bc7377a259bd70	a486b28cc18c...40b22faa46fb	Trailing goddamned whitespace	/home/travis/Arduino/hardware/ATTinyCore/avr/libraries/SPI/examples/BarometricPressureSensor/BarometricPressureSensor.ino	ATTinyCore:avr:attinyx5:LTO=disable,TimerClockSource=lowpll,chip=85,clock=20external,eesave=disable,bod=2v7,millis=enabled	1.8.13	6214	122	1	false	0	0		0	
2020-07-25 08:43:26	414	414.26	https://travis-ci.org/SpenceKonde/ATTinyCore/jobs/711683237	push		false	master	40b22faa46fbe1b98069d19853bc7377a259bd70	a486b28cc18c...40b22faa46fb	Trailing goddamned whitespace	/home/travis/Arduino/hardware/ATTinyCore/avr/libraries/SPI/examples/DigitalPotControl/DigitalPotControl.ino	ATTinyCore:avr:attinyx5:LTO=disable,TimerClockSource=lowpll,chip=85,clock=20external,eesave=disable,bod=2v7,millis=enabled	1.8.13	1274	14	0	false	0	0		0	
2020-07-25 08:43:29	414	414.26	https://travis-ci.org/SpenceKonde/ATTinyCore/jobs/711683237	push		false	master	40b22faa46fbe1b98069d19853bc7377a259bd70	a486b28cc18c...40b22faa46fb	Trailing goddamned whitespace	/home/travis/Arduino/hardware/ATTinyCore/avr/libraries/Wire/examples/SFRRanger_reader/SFRRanger_reader.ino	ATTinyCore:avr:attinyx5:LTO=disable,TimerClockSource=lowpll,chip=85,clock=20external,eesave=disable,bod=2v7,millis=enabled	1.8.13	3392	130	1	false	0	0		0	
2020-07-25 08:43:32	414	414.26	https://travis-ci.org/SpenceKonde/ATTinyCore/jobs/711683237	push		false	master	40b22faa46fbe1b98069d19853bc7377a259bd70	a486b28cc18c...40b22faa46fb	Trailing goddamned whitespace	/home/travis/Arduino/hardware/ATTinyCore/avr/libraries/Wire/examples/master_writer/master_writer.ino	ATTinyCore:avr:attinyx5:LTO=disable,TimerClockSource=lowpll,chip=85,clock=20external,eesave=disable,bod=2v7,millis=enabled	1.8.13	1772	65	1	false	0	0		0	
2020-07-25 08:43:35	414	414.26	https://travis-ci.org/SpenceKonde/ATTinyCore/jobs/711683237	push		false	master	40b22faa46fbe1b98069d19853bc7377a259bd70	a486b28cc18c...40b22faa46fb	Trailing goddamned whitespace	/home/travis/Arduino/hardware/ATTinyCore/avr/libraries/Wire/examples/digital_potentiometer/digital_potentiometer.ino	ATTinyCore:avr:attinyx5:LTO=disable,TimerClockSource=lowpll,chip=85,clock=20external,eesave=disable,bod=2v7,millis=enabled	1.8.13	1676	59	1	false	0	0		0	
2020-07-25 08:43:39	414	414.26	https://travis-ci.org/SpenceKonde/ATTinyCore/jobs/711683237	push		false	master	40b22faa46fbe1b98069d19853bc7377a259bd70	a486b28cc18c...40b22faa46fb	Trailing goddamned whitespace	/home/travis/Arduino/hardware/ATTinyCore/avr/libraries/Wire/examples/slave_receiver/slave_receiver.ino	ATTinyCore:avr:attinyx5:LTO=disable,TimerClockSource=lowpll,chip=85,clock=20external,eesave=disable,bod=2v7,millis=enabled	1.8.13	2626	126	2	false	0	0		0	
2020-07-25 08:43:42	414	414.26	https://travis-ci.org/SpenceKonde/ATTinyCore/jobs/711683237	push		false	master	40b22faa46fbe1b98069d19853bc7377a259bd70	a486b28cc18c...40b22faa46fb	Trailing goddamned whitespace	/home/travis/Arduino/hardware/ATTinyCore/avr/libraries/Wire/examples/master_reader/master_reader.ino	ATTinyCore:avr:attinyx5:LTO=disable,TimerClockSource=lowpll,chip=85,clock=20external,eesave=disable,bod=2v7,millis=enabled	1.8.13	2836	128	1	false	0	0		0	
2020-07-25 08:43:45	414	414.26	https://travis-ci.org/SpenceKonde/ATTinyCore/jobs/711683237	push		false	master	40b22faa46fbe1b98069d19853bc7377a259bd70	a486b28cc18c...40b22faa46fb	Trailing goddamned whitespace	/home/travis/Arduino/hardware/ATTinyCore/avr/libraries/Wire/examples/slave_sender/slave_sender.ino	ATTinyCore:avr:attinyx5:LTO=disable,TimerClockSource=lowpll,chip=85,clock=20external,eesave=disable,bod=2v7,millis=enabled	1.8.13	1414	65	1	false	0	0		0	
2020-07-25 08:43:48	414	414.26	https://travis-ci.org/SpenceKonde/ATTinyCore/jobs/711683237	push		false	master	40b22faa46fbe1b98069d19853bc7377a259bd70	a486b28cc18c...40b22faa46fb	Trailing goddamned whitespace	/home/travis/Arduino/hardware/ATTinyCore/avr/libraries/Servo_ATTinyCore/examples/Knob/Knob.ino	ATTinyCore:avr:attinyx5:LTO=disable,TimerClockSource=lowpll,chip=85,clock=20external,eesave=disable,bod=2v7,millis=enabled	1.8.13	2100	44	0	false	0	0		0	
2020-07-25 08:43:51	414	414.26	https://travis-ci.org/SpenceKonde/ATTinyCore/jobs/711683237	push		false	master	40b22faa46fbe1b98069d19853bc7377a259bd70	a486b28cc18c...40b22faa46fb	Trailing goddamned whitespace	/home/travis/Arduino/hardware/ATTinyCore/avr/libraries/Servo_ATTinyCore/examples/Sweep/Sweep.ino	ATTinyCore:avr:attinyx5:LTO=disable,TimerClockSource=lowpll,chip=85,clock=20external,eesave=disable,bod=2v7,millis=enabled	1.8.13	2044	41	0	false	0	0		0	
