Build Timestamp (UTC)	Build	Job	Job URL	Build Trigger	Allow Job Failure	PR#	Branch	Commit	Commit Range	Commit Message	Sketch Filename	Board ID	IDE Version	Program Storage (bytes)	Dynamic Memory (bytes)	# Warnings	Allow Failure	Exit Status	# Board Issues	Board Issue	# Library Issues	Library Issue
2019-08-04 18:36:26	119	119.11	https://travis-ci.org/SpenceKonde/ATTinyCore/jobs/567600957	push	false	false	master	b77c2227bcd4db11a5c5717fb47ee62b94c0a48b	a5910804c94d...b77c2227bcd4	Yup, that line needed to be fixed too #327	/home/travis/Arduino/hardware/ATTinyCore/avr/libraries/EEPROM/examples/eeprom_update/eeprom_update.ino	ATTinyCore:avr:attinyx4:LTO=disable,chip=84,clock=11external,eesave=aenable,bod=1v8,pinmapping=anew	1.6.7	736	12	1	false	0	0		0	
2019-08-04 18:36:30	119	119.11	https://travis-ci.org/SpenceKonde/ATTinyCore/jobs/567600957	push	false	false	master	b77c2227bcd4db11a5c5717fb47ee62b94c0a48b	a5910804c94d...b77c2227bcd4	Yup, that line needed to be fixed too #327	/home/travis/Arduino/hardware/ATTinyCore/avr/libraries/EEPROM/examples/eeprom_crc/eeprom_crc.ino	ATTinyCore:avr:attinyx4:LTO=disable,chip=84,clock=11external,eesave=aenable,bod=1v8,pinmapping=anew	1.6.7	2148	199	1	false	0	0		0	
2019-08-04 18:36:34	119	119.11	https://travis-ci.org/SpenceKonde/ATTinyCore/jobs/567600957	push	false	false	master	b77c2227bcd4db11a5c5717fb47ee62b94c0a48b	a5910804c94d...b77c2227bcd4	Yup, that line needed to be fixed too #327	/home/travis/Arduino/hardware/ATTinyCore/avr/libraries/EEPROM/examples/eeprom_iteration/eeprom_iteration.ino	ATTinyCore:avr:attinyx4:LTO=disable,chip=84,clock=11external,eesave=aenable,bod=1v8,pinmapping=anew	1.6.7	528	9	3	false	0	0		0	
2019-08-04 18:36:38	119	119.11	https://travis-ci.org/SpenceKonde/ATTinyCore/jobs/567600957	push	false	false	master	b77c2227bcd4db11a5c5717fb47ee62b94c0a48b	a5910804c94d...b77c2227bcd4	Yup, that line needed to be fixed too #327	/home/travis/Arduino/hardware/ATTinyCore/avr/libraries/EEPROM/examples/eeprom_put/eeprom_put.ino	ATTinyCore:avr:attinyx4:LTO=disable,chip=84,clock=11external,eesave=aenable,bod=1v8,pinmapping=anew	1.6.7	1824	229	0	false	0	0		0	
2019-08-04 18:36:43	119	119.11	https://travis-ci.org/SpenceKonde/ATTinyCore/jobs/567600957	push	false	false	master	b77c2227bcd4db11a5c5717fb47ee62b94c0a48b	a5910804c94d...b77c2227bcd4	Yup, that line needed to be fixed too #327	/home/travis/Arduino/hardware/ATTinyCore/avr/libraries/EEPROM/examples/eeprom_clear/eeprom_clear.ino	ATTinyCore:avr:attinyx4:LTO=disable,chip=84,clock=11external,eesave=aenable,bod=1v8,pinmapping=anew	1.6.7	706	9	1	false	0	0		0	
2019-08-04 18:36:47	119	119.11	https://travis-ci.org/SpenceKonde/ATTinyCore/jobs/567600957	push	false	false	master	b77c2227bcd4db11a5c5717fb47ee62b94c0a48b	a5910804c94d...b77c2227bcd4	Yup, that line needed to be fixed too #327	/home/travis/Arduino/hardware/ATTinyCore/avr/libraries/EEPROM/examples/eeprom_read/eeprom_read.ino	ATTinyCore:avr:attinyx4:LTO=disable,chip=84,clock=11external,eesave=aenable,bod=1v8,pinmapping=anew	1.6.7	2120	90	1	false	0	0		0	
2019-08-04 18:36:52	119	119.11	https://travis-ci.org/SpenceKonde/ATTinyCore/jobs/567600957	push	false	false	master	b77c2227bcd4db11a5c5717fb47ee62b94c0a48b	a5910804c94d...b77c2227bcd4	Yup, that line needed to be fixed too #327	/home/travis/Arduino/hardware/ATTinyCore/avr/libraries/EEPROM/examples/eeprom_get/eeprom_get.ino	ATTinyCore:avr:attinyx4:LTO=disable,chip=84,clock=11external,eesave=aenable,bod=1v8,pinmapping=anew	1.6.7	3522	145	0	false	0	0		0	
2019-08-04 18:36:56	119	119.11	https://travis-ci.org/SpenceKonde/ATTinyCore/jobs/567600957	push	false	false	master	b77c2227bcd4db11a5c5717fb47ee62b94c0a48b	a5910804c94d...b77c2227bcd4	Yup, that line needed to be fixed too #327	/home/travis/Arduino/hardware/ATTinyCore/avr/libraries/EEPROM/examples/eeprom_write/eeprom_write.ino	ATTinyCore:avr:attinyx4:LTO=disable,chip=84,clock=11external,eesave=aenable,bod=1v8,pinmapping=anew	1.6.7	688	12	1	false	0	0		0	
2019-08-04 18:37:00	119	119.11	https://travis-ci.org/SpenceKonde/ATTinyCore/jobs/567600957	push	false	false	master	b77c2227bcd4db11a5c5717fb47ee62b94c0a48b	a5910804c94d...b77c2227bcd4	Yup, that line needed to be fixed too #327	/home/travis/Arduino/hardware/ATTinyCore/avr/libraries/SoftwareSerial/examples/TwoPortReceive/TwoPortReceive.ino	ATTinyCore:avr:attinyx4:LTO=disable,chip=84,clock=11external,eesave=aenable,bod=1v8,pinmapping=anew	1.6.7	3304	271	6	false	0	0		0	
2019-08-04 18:37:05	119	119.11	https://travis-ci.org/SpenceKonde/ATTinyCore/jobs/567600957	push	false	false	master	b77c2227bcd4db11a5c5717fb47ee62b94c0a48b	a5910804c94d...b77c2227bcd4	Yup, that line needed to be fixed too #327	/home/travis/Arduino/hardware/ATTinyCore/avr/libraries/SoftwareSerial/examples/SoftwareSerialExample/SoftwareSerialExample.ino	ATTinyCore:avr:attinyx4:LTO=disable,chip=84,clock=11external,eesave=aenable,bod=1v8,pinmapping=anew	1.6.7	3232	230	6	false	0	0		0	
2019-08-04 18:37:09	119	119.11	https://travis-ci.org/SpenceKonde/ATTinyCore/jobs/567600957	push	false	false	master	b77c2227bcd4db11a5c5717fb47ee62b94c0a48b	a5910804c94d...b77c2227bcd4	Yup, that line needed to be fixed too #327	/home/travis/Arduino/hardware/ATTinyCore/avr/libraries/Servo/examples/Sweep/Sweep.ino	ATTinyCore:avr:attinyx4:LTO=disable,chip=84,clock=11external,eesave=aenable,bod=1v8,pinmapping=anew	1.6.7	2620	56	1	false	0	0		0	
2019-08-04 18:37:13	119	119.11	https://travis-ci.org/SpenceKonde/ATTinyCore/jobs/567600957	push	false	false	master	b77c2227bcd4db11a5c5717fb47ee62b94c0a48b	a5910804c94d...b77c2227bcd4	Yup, that line needed to be fixed too #327	/home/travis/Arduino/hardware/ATTinyCore/avr/libraries/Servo/examples/Knob/Knob.ino	ATTinyCore:avr:attinyx4:LTO=disable,chip=84,clock=11external,eesave=aenable,bod=1v8,pinmapping=anew	1.6.7	2666	59	1	false	0	0		0	
2019-08-04 18:37:18	119	119.11	https://travis-ci.org/SpenceKonde/ATTinyCore/jobs/567600957	push	false	false	master	b77c2227bcd4db11a5c5717fb47ee62b94c0a48b	a5910804c94d...b77c2227bcd4	Yup, that line needed to be fixed too #327	/home/travis/Arduino/hardware/ATTinyCore/avr/libraries/Wire/examples/slave_receiver/slave_receiver.ino	ATTinyCore:avr:attinyx4:LTO=disable,chip=84,clock=11external,eesave=aenable,bod=1v8,pinmapping=anew	1.6.7	2766	132	1	false	0	0		0	
2019-08-04 18:37:22	119	119.11	https://travis-ci.org/SpenceKonde/ATTinyCore/jobs/567600957	push	false	false	master	b77c2227bcd4db11a5c5717fb47ee62b94c0a48b	a5910804c94d...b77c2227bcd4	Yup, that line needed to be fixed too #327	/home/travis/Arduino/hardware/ATTinyCore/avr/libraries/Wire/examples/digital_potentiometer/digital_potentiometer.ino	ATTinyCore:avr:attinyx4:LTO=disable,chip=84,clock=11external,eesave=aenable,bod=1v8,pinmapping=anew	1.6.7	1726	59	0	false	0	0		0	
2019-08-04 18:37:27	119	119.11	https://travis-ci.org/SpenceKonde/ATTinyCore/jobs/567600957	push	false	false	master	b77c2227bcd4db11a5c5717fb47ee62b94c0a48b	a5910804c94d...b77c2227bcd4	Yup, that line needed to be fixed too #327	/home/travis/Arduino/hardware/ATTinyCore/avr/libraries/Wire/examples/SFRRanger_reader/SFRRanger_reader.ino	ATTinyCore:avr:attinyx4:LTO=disable,chip=84,clock=11external,eesave=aenable,bod=1v8,pinmapping=anew	1.6.7	3538	136	0	false	0	0		0	
2019-08-04 18:37:31	119	119.11	https://travis-ci.org/SpenceKonde/ATTinyCore/jobs/567600957	push	false	false	master	b77c2227bcd4db11a5c5717fb47ee62b94c0a48b	a5910804c94d...b77c2227bcd4	Yup, that line needed to be fixed too #327	/home/travis/Arduino/hardware/ATTinyCore/avr/libraries/Wire/examples/slave_sender/slave_sender.ino	ATTinyCore:avr:attinyx4:LTO=disable,chip=84,clock=11external,eesave=aenable,bod=1v8,pinmapping=anew	1.6.7	1472	65	0	false	0	0		0	
2019-08-04 18:37:36	119	119.11	https://travis-ci.org/SpenceKonde/ATTinyCore/jobs/567600957	push	false	false	master	b77c2227bcd4db11a5c5717fb47ee62b94c0a48b	a5910804c94d...b77c2227bcd4	Yup, that line needed to be fixed too #327	/home/travis/Arduino/hardware/ATTinyCore/avr/libraries/Wire/examples/master_reader/master_reader.ino	ATTinyCore:avr:attinyx4:LTO=disable,chip=84,clock=11external,eesave=aenable,bod=1v8,pinmapping=anew	1.6.7	2968	134	0	false	0	0		0	
2019-08-04 18:37:40	119	119.11	https://travis-ci.org/SpenceKonde/ATTinyCore/jobs/567600957	push	false	false	master	b77c2227bcd4db11a5c5717fb47ee62b94c0a48b	a5910804c94d...b77c2227bcd4	Yup, that line needed to be fixed too #327	/home/travis/Arduino/hardware/ATTinyCore/avr/libraries/Wire/examples/master_writer/master_writer.ino	ATTinyCore:avr:attinyx4:LTO=disable,chip=84,clock=11external,eesave=aenable,bod=1v8,pinmapping=anew	1.6.7	1824	65	0	false	0	0		0	
2019-08-04 18:37:45	119	119.11	https://travis-ci.org/SpenceKonde/ATTinyCore/jobs/567600957	push	false	false	master	b77c2227bcd4db11a5c5717fb47ee62b94c0a48b	a5910804c94d...b77c2227bcd4	Yup, that line needed to be fixed too #327	/home/travis/Arduino/hardware/ATTinyCore/avr/libraries/SPI/examples/BarometricPressureSensor/BarometricPressureSensor.ino	ATTinyCore:avr:attinyx4:LTO=disable,chip=84,clock=11external,eesave=aenable,bod=1v8,pinmapping=anew	1.6.7	6418	122	1	false	0	0		0	
2019-08-04 18:37:49	119	119.11	https://travis-ci.org/SpenceKonde/ATTinyCore/jobs/567600957	push	false	false	master	b77c2227bcd4db11a5c5717fb47ee62b94c0a48b	a5910804c94d...b77c2227bcd4	Yup, that line needed to be fixed too #327	/home/travis/Arduino/hardware/ATTinyCore/avr/libraries/SPI/examples/DigitalPotControl/DigitalPotControl.ino	ATTinyCore:avr:attinyx4:LTO=disable,chip=84,clock=11external,eesave=aenable,bod=1v8,pinmapping=anew	1.6.7	1320	14	0	false	0	0		0	
2019-08-04 18:37:53	119	119.11	https://travis-ci.org/SpenceKonde/ATTinyCore/jobs/567600957	push	false	false	master	b77c2227bcd4db11a5c5717fb47ee62b94c0a48b	a5910804c94d...b77c2227bcd4	Yup, that line needed to be fixed too #327	/home/travis/Arduino/hardware/ATTinyCore/avr/libraries/ATTinyCore/examples/TemperatureRead/TemperatureRead.ino	ATTinyCore:avr:attinyx4:LTO=disable,chip=84,clock=11external,eesave=aenable,bod=1v8,pinmapping=anew	1.6.7	2064	92	0	false	0	0		0	
2019-08-04 18:38:00	119	119.11	https://travis-ci.org/SpenceKonde/ATTinyCore/jobs/567600957	push	false	false	master	b77c2227bcd4db11a5c5717fb47ee62b94c0a48b	a5910804c94d...b77c2227bcd4	Yup, that line needed to be fixed too #327	/home/travis/Arduino/hardware/ATTinyCore/avr/libraries/EEPROM/examples/eeprom_update/eeprom_update.ino	ATTinyCore:avr:attinyx4:LTO=disable,chip=84,clock=11external,eesave=aenable,bod=1v8,pinmapping=anew	1.6.9	736	12	1	false	0	0		0	
2019-08-04 18:38:05	119	119.11	https://travis-ci.org/SpenceKonde/ATTinyCore/jobs/567600957	push	false	false	master	b77c2227bcd4db11a5c5717fb47ee62b94c0a48b	a5910804c94d...b77c2227bcd4	Yup, that line needed to be fixed too #327	/home/travis/Arduino/hardware/ATTinyCore/avr/libraries/EEPROM/examples/eeprom_crc/eeprom_crc.ino	ATTinyCore:avr:attinyx4:LTO=disable,chip=84,clock=11external,eesave=aenable,bod=1v8,pinmapping=anew	1.6.9	2148	199	1	false	0	0		0	
2019-08-04 18:38:09	119	119.11	https://travis-ci.org/SpenceKonde/ATTinyCore/jobs/567600957	push	false	false	master	b77c2227bcd4db11a5c5717fb47ee62b94c0a48b	a5910804c94d...b77c2227bcd4	Yup, that line needed to be fixed too #327	/home/travis/Arduino/hardware/ATTinyCore/avr/libraries/EEPROM/examples/eeprom_iteration/eeprom_iteration.ino	ATTinyCore:avr:attinyx4:LTO=disable,chip=84,clock=11external,eesave=aenable,bod=1v8,pinmapping=anew	1.6.9	528	9	3	false	0	0		0	
2019-08-04 18:38:14	119	119.11	https://travis-ci.org/SpenceKonde/ATTinyCore/jobs/567600957	push	false	false	master	b77c2227bcd4db11a5c5717fb47ee62b94c0a48b	a5910804c94d...b77c2227bcd4	Yup, that line needed to be fixed too #327	/home/travis/Arduino/hardware/ATTinyCore/avr/libraries/EEPROM/examples/eeprom_put/eeprom_put.ino	ATTinyCore:avr:attinyx4:LTO=disable,chip=84,clock=11external,eesave=aenable,bod=1v8,pinmapping=anew	1.6.9	1824	229	0	false	0	0		0	
2019-08-04 18:38:19	119	119.11	https://travis-ci.org/SpenceKonde/ATTinyCore/jobs/567600957	push	false	false	master	b77c2227bcd4db11a5c5717fb47ee62b94c0a48b	a5910804c94d...b77c2227bcd4	Yup, that line needed to be fixed too #327	/home/travis/Arduino/hardware/ATTinyCore/avr/libraries/EEPROM/examples/eeprom_clear/eeprom_clear.ino	ATTinyCore:avr:attinyx4:LTO=disable,chip=84,clock=11external,eesave=aenable,bod=1v8,pinmapping=anew	1.6.9	706	9	1	false	0	0		0	
2019-08-04 18:38:23	119	119.11	https://travis-ci.org/SpenceKonde/ATTinyCore/jobs/567600957	push	false	false	master	b77c2227bcd4db11a5c5717fb47ee62b94c0a48b	a5910804c94d...b77c2227bcd4	Yup, that line needed to be fixed too #327	/home/travis/Arduino/hardware/ATTinyCore/avr/libraries/EEPROM/examples/eeprom_read/eeprom_read.ino	ATTinyCore:avr:attinyx4:LTO=disable,chip=84,clock=11external,eesave=aenable,bod=1v8,pinmapping=anew	1.6.9	2120	90	1	false	0	0		0	
2019-08-04 18:38:28	119	119.11	https://travis-ci.org/SpenceKonde/ATTinyCore/jobs/567600957	push	false	false	master	b77c2227bcd4db11a5c5717fb47ee62b94c0a48b	a5910804c94d...b77c2227bcd4	Yup, that line needed to be fixed too #327	/home/travis/Arduino/hardware/ATTinyCore/avr/libraries/EEPROM/examples/eeprom_get/eeprom_get.ino	ATTinyCore:avr:attinyx4:LTO=disable,chip=84,clock=11external,eesave=aenable,bod=1v8,pinmapping=anew	1.6.9	3522	145	0	false	0	0		0	
2019-08-04 18:38:32	119	119.11	https://travis-ci.org/SpenceKonde/ATTinyCore/jobs/567600957	push	false	false	master	b77c2227bcd4db11a5c5717fb47ee62b94c0a48b	a5910804c94d...b77c2227bcd4	Yup, that line needed to be fixed too #327	/home/travis/Arduino/hardware/ATTinyCore/avr/libraries/EEPROM/examples/eeprom_write/eeprom_write.ino	ATTinyCore:avr:attinyx4:LTO=disable,chip=84,clock=11external,eesave=aenable,bod=1v8,pinmapping=anew	1.6.9	688	12	1	false	0	0		0	
2019-08-04 18:38:37	119	119.11	https://travis-ci.org/SpenceKonde/ATTinyCore/jobs/567600957	push	false	false	master	b77c2227bcd4db11a5c5717fb47ee62b94c0a48b	a5910804c94d...b77c2227bcd4	Yup, that line needed to be fixed too #327	/home/travis/Arduino/hardware/ATTinyCore/avr/libraries/SoftwareSerial/examples/TwoPortReceive/TwoPortReceive.ino	ATTinyCore:avr:attinyx4:LTO=disable,chip=84,clock=11external,eesave=aenable,bod=1v8,pinmapping=anew	1.6.9	3304	271	6	false	0	0		0	
2019-08-04 18:38:42	119	119.11	https://travis-ci.org/SpenceKonde/ATTinyCore/jobs/567600957	push	false	false	master	b77c2227bcd4db11a5c5717fb47ee62b94c0a48b	a5910804c94d...b77c2227bcd4	Yup, that line needed to be fixed too #327	/home/travis/Arduino/hardware/ATTinyCore/avr/libraries/SoftwareSerial/examples/SoftwareSerialExample/SoftwareSerialExample.ino	ATTinyCore:avr:attinyx4:LTO=disable,chip=84,clock=11external,eesave=aenable,bod=1v8,pinmapping=anew	1.6.9	3232	230	6	false	0	0		0	
2019-08-04 18:38:47	119	119.11	https://travis-ci.org/SpenceKonde/ATTinyCore/jobs/567600957	push	false	false	master	b77c2227bcd4db11a5c5717fb47ee62b94c0a48b	a5910804c94d...b77c2227bcd4	Yup, that line needed to be fixed too #327	/home/travis/Arduino/hardware/ATTinyCore/avr/libraries/Servo/examples/Sweep/Sweep.ino	ATTinyCore:avr:attinyx4:LTO=disable,chip=84,clock=11external,eesave=aenable,bod=1v8,pinmapping=anew	1.6.9	2620	56	1	false	0	0		0	
2019-08-04 18:38:51	119	119.11	https://travis-ci.org/SpenceKonde/ATTinyCore/jobs/567600957	push	false	false	master	b77c2227bcd4db11a5c5717fb47ee62b94c0a48b	a5910804c94d...b77c2227bcd4	Yup, that line needed to be fixed too #327	/home/travis/Arduino/hardware/ATTinyCore/avr/libraries/Servo/examples/Knob/Knob.ino	ATTinyCore:avr:attinyx4:LTO=disable,chip=84,clock=11external,eesave=aenable,bod=1v8,pinmapping=anew	1.6.9	2666	59	1	false	0	0		0	
2019-08-04 18:38:56	119	119.11	https://travis-ci.org/SpenceKonde/ATTinyCore/jobs/567600957	push	false	false	master	b77c2227bcd4db11a5c5717fb47ee62b94c0a48b	a5910804c94d...b77c2227bcd4	Yup, that line needed to be fixed too #327	/home/travis/Arduino/hardware/ATTinyCore/avr/libraries/Wire/examples/slave_receiver/slave_receiver.ino	ATTinyCore:avr:attinyx4:LTO=disable,chip=84,clock=11external,eesave=aenable,bod=1v8,pinmapping=anew	1.6.9	2766	132	1	false	0	0		0	
2019-08-04 18:39:01	119	119.11	https://travis-ci.org/SpenceKonde/ATTinyCore/jobs/567600957	push	false	false	master	b77c2227bcd4db11a5c5717fb47ee62b94c0a48b	a5910804c94d...b77c2227bcd4	Yup, that line needed to be fixed too #327	/home/travis/Arduino/hardware/ATTinyCore/avr/libraries/Wire/examples/digital_potentiometer/digital_potentiometer.ino	ATTinyCore:avr:attinyx4:LTO=disable,chip=84,clock=11external,eesave=aenable,bod=1v8,pinmapping=anew	1.6.9	1726	59	0	false	0	0		0	
2019-08-04 18:39:06	119	119.11	https://travis-ci.org/SpenceKonde/ATTinyCore/jobs/567600957	push	false	false	master	b77c2227bcd4db11a5c5717fb47ee62b94c0a48b	a5910804c94d...b77c2227bcd4	Yup, that line needed to be fixed too #327	/home/travis/Arduino/hardware/ATTinyCore/avr/libraries/Wire/examples/SFRRanger_reader/SFRRanger_reader.ino	ATTinyCore:avr:attinyx4:LTO=disable,chip=84,clock=11external,eesave=aenable,bod=1v8,pinmapping=anew	1.6.9	3538	136	0	false	0	0		0	
2019-08-04 18:39:11	119	119.11	https://travis-ci.org/SpenceKonde/ATTinyCore/jobs/567600957	push	false	false	master	b77c2227bcd4db11a5c5717fb47ee62b94c0a48b	a5910804c94d...b77c2227bcd4	Yup, that line needed to be fixed too #327	/home/travis/Arduino/hardware/ATTinyCore/avr/libraries/Wire/examples/slave_sender/slave_sender.ino	ATTinyCore:avr:attinyx4:LTO=disable,chip=84,clock=11external,eesave=aenable,bod=1v8,pinmapping=anew	1.6.9	1472	65	0	false	0	0		0	
2019-08-04 18:39:16	119	119.11	https://travis-ci.org/SpenceKonde/ATTinyCore/jobs/567600957	push	false	false	master	b77c2227bcd4db11a5c5717fb47ee62b94c0a48b	a5910804c94d...b77c2227bcd4	Yup, that line needed to be fixed too #327	/home/travis/Arduino/hardware/ATTinyCore/avr/libraries/Wire/examples/master_reader/master_reader.ino	ATTinyCore:avr:attinyx4:LTO=disable,chip=84,clock=11external,eesave=aenable,bod=1v8,pinmapping=anew	1.6.9	2968	134	0	false	0	0		0	
2019-08-04 18:39:21	119	119.11	https://travis-ci.org/SpenceKonde/ATTinyCore/jobs/567600957	push	false	false	master	b77c2227bcd4db11a5c5717fb47ee62b94c0a48b	a5910804c94d...b77c2227bcd4	Yup, that line needed to be fixed too #327	/home/travis/Arduino/hardware/ATTinyCore/avr/libraries/Wire/examples/master_writer/master_writer.ino	ATTinyCore:avr:attinyx4:LTO=disable,chip=84,clock=11external,eesave=aenable,bod=1v8,pinmapping=anew	1.6.9	1824	65	0	false	0	0		0	
2019-08-04 18:39:26	119	119.11	https://travis-ci.org/SpenceKonde/ATTinyCore/jobs/567600957	push	false	false	master	b77c2227bcd4db11a5c5717fb47ee62b94c0a48b	a5910804c94d...b77c2227bcd4	Yup, that line needed to be fixed too #327	/home/travis/Arduino/hardware/ATTinyCore/avr/libraries/SPI/examples/BarometricPressureSensor/BarometricPressureSensor.ino	ATTinyCore:avr:attinyx4:LTO=disable,chip=84,clock=11external,eesave=aenable,bod=1v8,pinmapping=anew	1.6.9	6418	122	1	false	0	0		0	
2019-08-04 18:39:31	119	119.11	https://travis-ci.org/SpenceKonde/ATTinyCore/jobs/567600957	push	false	false	master	b77c2227bcd4db11a5c5717fb47ee62b94c0a48b	a5910804c94d...b77c2227bcd4	Yup, that line needed to be fixed too #327	/home/travis/Arduino/hardware/ATTinyCore/avr/libraries/SPI/examples/DigitalPotControl/DigitalPotControl.ino	ATTinyCore:avr:attinyx4:LTO=disable,chip=84,clock=11external,eesave=aenable,bod=1v8,pinmapping=anew	1.6.9	1320	14	0	false	0	0		0	
2019-08-04 18:39:36	119	119.11	https://travis-ci.org/SpenceKonde/ATTinyCore/jobs/567600957	push	false	false	master	b77c2227bcd4db11a5c5717fb47ee62b94c0a48b	a5910804c94d...b77c2227bcd4	Yup, that line needed to be fixed too #327	/home/travis/Arduino/hardware/ATTinyCore/avr/libraries/ATTinyCore/examples/TemperatureRead/TemperatureRead.ino	ATTinyCore:avr:attinyx4:LTO=disable,chip=84,clock=11external,eesave=aenable,bod=1v8,pinmapping=anew	1.6.9	2064	92	0	false	0	0		0	
2019-08-04 18:39:43	119	119.11	https://travis-ci.org/SpenceKonde/ATTinyCore/jobs/567600957	push	false	false	master	b77c2227bcd4db11a5c5717fb47ee62b94c0a48b	a5910804c94d...b77c2227bcd4	Yup, that line needed to be fixed too #327	/home/travis/Arduino/hardware/ATTinyCore/avr/libraries/EEPROM/examples/eeprom_update/eeprom_update.ino	ATTinyCore:avr:attinyx4:LTO=disable,chip=84,clock=11external,eesave=aenable,bod=1v8,pinmapping=anew	1.6.13	726	12	1	false	0	0		0	
2019-08-04 18:39:48	119	119.11	https://travis-ci.org/SpenceKonde/ATTinyCore/jobs/567600957	push	false	false	master	b77c2227bcd4db11a5c5717fb47ee62b94c0a48b	a5910804c94d...b77c2227bcd4	Yup, that line needed to be fixed too #327	/home/travis/Arduino/hardware/ATTinyCore/avr/libraries/EEPROM/examples/eeprom_crc/eeprom_crc.ino	ATTinyCore:avr:attinyx4:LTO=disable,chip=84,clock=11external,eesave=aenable,bod=1v8,pinmapping=anew	1.6.13	2090	199	1	false	0	0		0	
2019-08-04 18:39:53	119	119.11	https://travis-ci.org/SpenceKonde/ATTinyCore/jobs/567600957	push	false	false	master	b77c2227bcd4db11a5c5717fb47ee62b94c0a48b	a5910804c94d...b77c2227bcd4	Yup, that line needed to be fixed too #327	/home/travis/Arduino/hardware/ATTinyCore/avr/libraries/EEPROM/examples/eeprom_iteration/eeprom_iteration.ino	ATTinyCore:avr:attinyx4:LTO=disable,chip=84,clock=11external,eesave=aenable,bod=1v8,pinmapping=anew	1.6.13	528	9	3	false	0	0		0	
2019-08-04 18:39:58	119	119.11	https://travis-ci.org/SpenceKonde/ATTinyCore/jobs/567600957	push	false	false	master	b77c2227bcd4db11a5c5717fb47ee62b94c0a48b	a5910804c94d...b77c2227bcd4	Yup, that line needed to be fixed too #327	/home/travis/Arduino/hardware/ATTinyCore/avr/libraries/EEPROM/examples/eeprom_put/eeprom_put.ino	ATTinyCore:avr:attinyx4:LTO=disable,chip=84,clock=11external,eesave=aenable,bod=1v8,pinmapping=anew	1.6.13	1782	229	0	false	0	0		0	
2019-08-04 18:40:02	119	119.11	https://travis-ci.org/SpenceKonde/ATTinyCore/jobs/567600957	push	false	false	master	b77c2227bcd4db11a5c5717fb47ee62b94c0a48b	a5910804c94d...b77c2227bcd4	Yup, that line needed to be fixed too #327	/home/travis/Arduino/hardware/ATTinyCore/avr/libraries/EEPROM/examples/eeprom_clear/eeprom_clear.ino	ATTinyCore:avr:attinyx4:LTO=disable,chip=84,clock=11external,eesave=aenable,bod=1v8,pinmapping=anew	1.6.13	714	9	1	false	0	0		0	
2019-08-04 18:40:07	119	119.11	https://travis-ci.org/SpenceKonde/ATTinyCore/jobs/567600957	push	false	false	master	b77c2227bcd4db11a5c5717fb47ee62b94c0a48b	a5910804c94d...b77c2227bcd4	Yup, that line needed to be fixed too #327	/home/travis/Arduino/hardware/ATTinyCore/avr/libraries/EEPROM/examples/eeprom_read/eeprom_read.ino	ATTinyCore:avr:attinyx4:LTO=disable,chip=84,clock=11external,eesave=aenable,bod=1v8,pinmapping=anew	1.6.13	2054	90	1	false	0	0		0	
2019-08-04 18:40:12	119	119.11	https://travis-ci.org/SpenceKonde/ATTinyCore/jobs/567600957	push	false	false	master	b77c2227bcd4db11a5c5717fb47ee62b94c0a48b	a5910804c94d...b77c2227bcd4	Yup, that line needed to be fixed too #327	/home/travis/Arduino/hardware/ATTinyCore/avr/libraries/EEPROM/examples/eeprom_get/eeprom_get.ino	ATTinyCore:avr:attinyx4:LTO=disable,chip=84,clock=11external,eesave=aenable,bod=1v8,pinmapping=anew	1.6.13	3452	145	0	false	0	0		0	
2019-08-04 18:40:17	119	119.11	https://travis-ci.org/SpenceKonde/ATTinyCore/jobs/567600957	push	false	false	master	b77c2227bcd4db11a5c5717fb47ee62b94c0a48b	a5910804c94d...b77c2227bcd4	Yup, that line needed to be fixed too #327	/home/travis/Arduino/hardware/ATTinyCore/avr/libraries/EEPROM/examples/eeprom_write/eeprom_write.ino	ATTinyCore:avr:attinyx4:LTO=disable,chip=84,clock=11external,eesave=aenable,bod=1v8,pinmapping=anew	1.6.13	678	12	1	false	0	0		0	
2019-08-04 18:40:22	119	119.11	https://travis-ci.org/SpenceKonde/ATTinyCore/jobs/567600957	push	false	false	master	b77c2227bcd4db11a5c5717fb47ee62b94c0a48b	a5910804c94d...b77c2227bcd4	Yup, that line needed to be fixed too #327	/home/travis/Arduino/hardware/ATTinyCore/avr/libraries/SoftwareSerial/examples/TwoPortReceive/TwoPortReceive.ino	ATTinyCore:avr:attinyx4:LTO=disable,chip=84,clock=11external,eesave=aenable,bod=1v8,pinmapping=anew	1.6.13	3254	271	6	false	0	0		0	
2019-08-04 18:40:27	119	119.11	https://travis-ci.org/SpenceKonde/ATTinyCore/jobs/567600957	push	false	false	master	b77c2227bcd4db11a5c5717fb47ee62b94c0a48b	a5910804c94d...b77c2227bcd4	Yup, that line needed to be fixed too #327	/home/travis/Arduino/hardware/ATTinyCore/avr/libraries/SoftwareSerial/examples/SoftwareSerialExample/SoftwareSerialExample.ino	ATTinyCore:avr:attinyx4:LTO=disable,chip=84,clock=11external,eesave=aenable,bod=1v8,pinmapping=anew	1.6.13	3182	230	6	false	0	0		0	
2019-08-04 18:40:32	119	119.11	https://travis-ci.org/SpenceKonde/ATTinyCore/jobs/567600957	push	false	false	master	b77c2227bcd4db11a5c5717fb47ee62b94c0a48b	a5910804c94d...b77c2227bcd4	Yup, that line needed to be fixed too #327	/home/travis/Arduino/hardware/ATTinyCore/avr/libraries/Servo/examples/Sweep/Sweep.ino	ATTinyCore:avr:attinyx4:LTO=disable,chip=84,clock=11external,eesave=aenable,bod=1v8,pinmapping=anew	1.6.13	2612	56	1	false	0	0		0	
2019-08-04 18:40:37	119	119.11	https://travis-ci.org/SpenceKonde/ATTinyCore/jobs/567600957	push	false	false	master	b77c2227bcd4db11a5c5717fb47ee62b94c0a48b	a5910804c94d...b77c2227bcd4	Yup, that line needed to be fixed too #327	/home/travis/Arduino/hardware/ATTinyCore/avr/libraries/Servo/examples/Knob/Knob.ino	ATTinyCore:avr:attinyx4:LTO=disable,chip=84,clock=11external,eesave=aenable,bod=1v8,pinmapping=anew	1.6.13	2656	59	1	false	0	0		0	
2019-08-04 18:40:42	119	119.11	https://travis-ci.org/SpenceKonde/ATTinyCore/jobs/567600957	push	false	false	master	b77c2227bcd4db11a5c5717fb47ee62b94c0a48b	a5910804c94d...b77c2227bcd4	Yup, that line needed to be fixed too #327	/home/travis/Arduino/hardware/ATTinyCore/avr/libraries/Wire/examples/slave_receiver/slave_receiver.ino	ATTinyCore:avr:attinyx4:LTO=disable,chip=84,clock=11external,eesave=aenable,bod=1v8,pinmapping=anew	1.6.13	2704	132	1	false	0	0		0	
2019-08-04 18:40:47	119	119.11	https://travis-ci.org/SpenceKonde/ATTinyCore/jobs/567600957	push	false	false	master	b77c2227bcd4db11a5c5717fb47ee62b94c0a48b	a5910804c94d...b77c2227bcd4	Yup, that line needed to be fixed too #327	/home/travis/Arduino/hardware/ATTinyCore/avr/libraries/Wire/examples/digital_potentiometer/digital_potentiometer.ino	ATTinyCore:avr:attinyx4:LTO=disable,chip=84,clock=11external,eesave=aenable,bod=1v8,pinmapping=anew	1.6.13	1706	59	0	false	0	0		0	
2019-08-04 18:40:52	119	119.11	https://travis-ci.org/SpenceKonde/ATTinyCore/jobs/567600957	push	false	false	master	b77c2227bcd4db11a5c5717fb47ee62b94c0a48b	a5910804c94d...b77c2227bcd4	Yup, that line needed to be fixed too #327	/home/travis/Arduino/hardware/ATTinyCore/avr/libraries/Wire/examples/SFRRanger_reader/SFRRanger_reader.ino	ATTinyCore:avr:attinyx4:LTO=disable,chip=84,clock=11external,eesave=aenable,bod=1v8,pinmapping=anew	1.6.13	3464	136	0	false	0	0		0	
2019-08-04 18:40:57	119	119.11	https://travis-ci.org/SpenceKonde/ATTinyCore/jobs/567600957	push	false	false	master	b77c2227bcd4db11a5c5717fb47ee62b94c0a48b	a5910804c94d...b77c2227bcd4	Yup, that line needed to be fixed too #327	/home/travis/Arduino/hardware/ATTinyCore/avr/libraries/Wire/examples/slave_sender/slave_sender.ino	ATTinyCore:avr:attinyx4:LTO=disable,chip=84,clock=11external,eesave=aenable,bod=1v8,pinmapping=anew	1.6.13	1450	65	0	false	0	0		0	
2019-08-04 18:41:02	119	119.11	https://travis-ci.org/SpenceKonde/ATTinyCore/jobs/567600957	push	false	false	master	b77c2227bcd4db11a5c5717fb47ee62b94c0a48b	a5910804c94d...b77c2227bcd4	Yup, that line needed to be fixed too #327	/home/travis/Arduino/hardware/ATTinyCore/avr/libraries/Wire/examples/master_reader/master_reader.ino	ATTinyCore:avr:attinyx4:LTO=disable,chip=84,clock=11external,eesave=aenable,bod=1v8,pinmapping=anew	1.6.13	2904	134	0	false	0	0		0	
2019-08-04 18:41:07	119	119.11	https://travis-ci.org/SpenceKonde/ATTinyCore/jobs/567600957	push	false	false	master	b77c2227bcd4db11a5c5717fb47ee62b94c0a48b	a5910804c94d...b77c2227bcd4	Yup, that line needed to be fixed too #327	/home/travis/Arduino/hardware/ATTinyCore/avr/libraries/Wire/examples/master_writer/master_writer.ino	ATTinyCore:avr:attinyx4:LTO=disable,chip=84,clock=11external,eesave=aenable,bod=1v8,pinmapping=anew	1.6.13	1802	65	0	false	0	0		0	
2019-08-04 18:41:12	119	119.11	https://travis-ci.org/SpenceKonde/ATTinyCore/jobs/567600957	push	false	false	master	b77c2227bcd4db11a5c5717fb47ee62b94c0a48b	a5910804c94d...b77c2227bcd4	Yup, that line needed to be fixed too #327	/home/travis/Arduino/hardware/ATTinyCore/avr/libraries/SPI/examples/BarometricPressureSensor/BarometricPressureSensor.ino	ATTinyCore:avr:attinyx4:LTO=disable,chip=84,clock=11external,eesave=aenable,bod=1v8,pinmapping=anew	1.6.13	6356	122	1	false	0	0		0	
2019-08-04 18:41:17	119	119.11	https://travis-ci.org/SpenceKonde/ATTinyCore/jobs/567600957	push	false	false	master	b77c2227bcd4db11a5c5717fb47ee62b94c0a48b	a5910804c94d...b77c2227bcd4	Yup, that line needed to be fixed too #327	/home/travis/Arduino/hardware/ATTinyCore/avr/libraries/SPI/examples/DigitalPotControl/DigitalPotControl.ino	ATTinyCore:avr:attinyx4:LTO=disable,chip=84,clock=11external,eesave=aenable,bod=1v8,pinmapping=anew	1.6.13	1318	14	0	false	0	0		0	
2019-08-04 18:41:21	119	119.11	https://travis-ci.org/SpenceKonde/ATTinyCore/jobs/567600957	push	false	false	master	b77c2227bcd4db11a5c5717fb47ee62b94c0a48b	a5910804c94d...b77c2227bcd4	Yup, that line needed to be fixed too #327	/home/travis/Arduino/hardware/ATTinyCore/avr/libraries/ATTinyCore/examples/TemperatureRead/TemperatureRead.ino	ATTinyCore:avr:attinyx4:LTO=disable,chip=84,clock=11external,eesave=aenable,bod=1v8,pinmapping=anew	1.6.13	1998	92	0	false	0	0		0	
2019-08-04 18:41:27	119	119.11	https://travis-ci.org/SpenceKonde/ATTinyCore/jobs/567600957	push	false	false	master	b77c2227bcd4db11a5c5717fb47ee62b94c0a48b	a5910804c94d...b77c2227bcd4	Yup, that line needed to be fixed too #327	/home/travis/Arduino/hardware/ATTinyCore/avr/libraries/EEPROM/examples/eeprom_update/eeprom_update.ino	ATTinyCore:avr:attinyx4:LTO=disable,chip=84,clock=11external,eesave=aenable,bod=1v8,pinmapping=anew	1.8.6	726	12	1	false	0	0		0	
2019-08-04 18:41:30	119	119.11	https://travis-ci.org/SpenceKonde/ATTinyCore/jobs/567600957	push	false	false	master	b77c2227bcd4db11a5c5717fb47ee62b94c0a48b	a5910804c94d...b77c2227bcd4	Yup, that line needed to be fixed too #327	/home/travis/Arduino/hardware/ATTinyCore/avr/libraries/EEPROM/examples/eeprom_crc/eeprom_crc.ino	ATTinyCore:avr:attinyx4:LTO=disable,chip=84,clock=11external,eesave=aenable,bod=1v8,pinmapping=anew	1.8.6	2068	193	1	false	0	0		0	
2019-08-04 18:41:33	119	119.11	https://travis-ci.org/SpenceKonde/ATTinyCore/jobs/567600957	push	false	false	master	b77c2227bcd4db11a5c5717fb47ee62b94c0a48b	a5910804c94d...b77c2227bcd4	Yup, that line needed to be fixed too #327	/home/travis/Arduino/hardware/ATTinyCore/avr/libraries/EEPROM/examples/eeprom_iteration/eeprom_iteration.ino	ATTinyCore:avr:attinyx4:LTO=disable,chip=84,clock=11external,eesave=aenable,bod=1v8,pinmapping=anew	1.8.6	516	9	3	false	0	0		0	
2019-08-04 18:41:36	119	119.11	https://travis-ci.org/SpenceKonde/ATTinyCore/jobs/567600957	push	false	false	master	b77c2227bcd4db11a5c5717fb47ee62b94c0a48b	a5910804c94d...b77c2227bcd4	Yup, that line needed to be fixed too #327	/home/travis/Arduino/hardware/ATTinyCore/avr/libraries/EEPROM/examples/eeprom_put/eeprom_put.ino	ATTinyCore:avr:attinyx4:LTO=disable,chip=84,clock=11external,eesave=aenable,bod=1v8,pinmapping=anew	1.8.6	1736	223	0	false	0	0		0	
2019-08-04 18:41:39	119	119.11	https://travis-ci.org/SpenceKonde/ATTinyCore/jobs/567600957	push	false	false	master	b77c2227bcd4db11a5c5717fb47ee62b94c0a48b	a5910804c94d...b77c2227bcd4	Yup, that line needed to be fixed too #327	/home/travis/Arduino/hardware/ATTinyCore/avr/libraries/EEPROM/examples/eeprom_clear/eeprom_clear.ino	ATTinyCore:avr:attinyx4:LTO=disable,chip=84,clock=11external,eesave=aenable,bod=1v8,pinmapping=anew	1.8.6	702	9	1	false	0	0		0	
2019-08-04 18:41:42	119	119.11	https://travis-ci.org/SpenceKonde/ATTinyCore/jobs/567600957	push	false	false	master	b77c2227bcd4db11a5c5717fb47ee62b94c0a48b	a5910804c94d...b77c2227bcd4	Yup, that line needed to be fixed too #327	/home/travis/Arduino/hardware/ATTinyCore/avr/libraries/EEPROM/examples/eeprom_read/eeprom_read.ino	ATTinyCore:avr:attinyx4:LTO=disable,chip=84,clock=11external,eesave=aenable,bod=1v8,pinmapping=anew	1.8.6	2032	84	1	false	0	0		0	
2019-08-04 18:41:45	119	119.11	https://travis-ci.org/SpenceKonde/ATTinyCore/jobs/567600957	push	false	false	master	b77c2227bcd4db11a5c5717fb47ee62b94c0a48b	a5910804c94d...b77c2227bcd4	Yup, that line needed to be fixed too #327	/home/travis/Arduino/hardware/ATTinyCore/avr/libraries/EEPROM/examples/eeprom_get/eeprom_get.ino	ATTinyCore:avr:attinyx4:LTO=disable,chip=84,clock=11external,eesave=aenable,bod=1v8,pinmapping=anew	1.8.6	3440	139	0	false	0	0		0	
2019-08-04 18:41:48	119	119.11	https://travis-ci.org/SpenceKonde/ATTinyCore/jobs/567600957	push	false	false	master	b77c2227bcd4db11a5c5717fb47ee62b94c0a48b	a5910804c94d...b77c2227bcd4	Yup, that line needed to be fixed too #327	/home/travis/Arduino/hardware/ATTinyCore/avr/libraries/EEPROM/examples/eeprom_write/eeprom_write.ino	ATTinyCore:avr:attinyx4:LTO=disable,chip=84,clock=11external,eesave=aenable,bod=1v8,pinmapping=anew	1.8.6	678	12	1	false	0	0		0	
2019-08-04 18:41:51	119	119.11	https://travis-ci.org/SpenceKonde/ATTinyCore/jobs/567600957	push	false	false	master	b77c2227bcd4db11a5c5717fb47ee62b94c0a48b	a5910804c94d...b77c2227bcd4	Yup, that line needed to be fixed too #327	/home/travis/Arduino/hardware/ATTinyCore/avr/libraries/SoftwareSerial/examples/TwoPortReceive/TwoPortReceive.ino	ATTinyCore:avr:attinyx4:LTO=disable,chip=84,clock=11external,eesave=aenable,bod=1v8,pinmapping=anew	1.8.6	3212	265	6	false	0	0		0	
2019-08-04 18:41:54	119	119.11	https://travis-ci.org/SpenceKonde/ATTinyCore/jobs/567600957	push	false	false	master	b77c2227bcd4db11a5c5717fb47ee62b94c0a48b	a5910804c94d...b77c2227bcd4	Yup, that line needed to be fixed too #327	/home/travis/Arduino/hardware/ATTinyCore/avr/libraries/SoftwareSerial/examples/SoftwareSerialExample/SoftwareSerialExample.ino	ATTinyCore:avr:attinyx4:LTO=disable,chip=84,clock=11external,eesave=aenable,bod=1v8,pinmapping=anew	1.8.6	3140	224	6	false	0	0		0	
2019-08-04 18:41:57	119	119.11	https://travis-ci.org/SpenceKonde/ATTinyCore/jobs/567600957	push	false	false	master	b77c2227bcd4db11a5c5717fb47ee62b94c0a48b	a5910804c94d...b77c2227bcd4	Yup, that line needed to be fixed too #327	/home/travis/Arduino/hardware/ATTinyCore/avr/libraries/Servo/examples/Sweep/Sweep.ino	ATTinyCore:avr:attinyx4:LTO=disable,chip=84,clock=11external,eesave=aenable,bod=1v8,pinmapping=anew	1.8.6	2394	52	1	false	0	0		0	
2019-08-04 18:42:00	119	119.11	https://travis-ci.org/SpenceKonde/ATTinyCore/jobs/567600957	push	false	false	master	b77c2227bcd4db11a5c5717fb47ee62b94c0a48b	a5910804c94d...b77c2227bcd4	Yup, that line needed to be fixed too #327	/home/travis/Arduino/hardware/ATTinyCore/avr/libraries/Servo/examples/Knob/Knob.ino	ATTinyCore:avr:attinyx4:LTO=disable,chip=84,clock=11external,eesave=aenable,bod=1v8,pinmapping=anew	1.8.6	2438	55	1	false	0	0		0	
2019-08-04 18:42:04	119	119.11	https://travis-ci.org/SpenceKonde/ATTinyCore/jobs/567600957	push	false	false	master	b77c2227bcd4db11a5c5717fb47ee62b94c0a48b	a5910804c94d...b77c2227bcd4	Yup, that line needed to be fixed too #327	/home/travis/Arduino/hardware/ATTinyCore/avr/libraries/Wire/examples/slave_receiver/slave_receiver.ino	ATTinyCore:avr:attinyx4:LTO=disable,chip=84,clock=11external,eesave=aenable,bod=1v8,pinmapping=anew	1.8.6	2670	126	1	false	0	0		0	
2019-08-04 18:42:07	119	119.11	https://travis-ci.org/SpenceKonde/ATTinyCore/jobs/567600957	push	false	false	master	b77c2227bcd4db11a5c5717fb47ee62b94c0a48b	a5910804c94d...b77c2227bcd4	Yup, that line needed to be fixed too #327	/home/travis/Arduino/hardware/ATTinyCore/avr/libraries/Wire/examples/digital_potentiometer/digital_potentiometer.ino	ATTinyCore:avr:attinyx4:LTO=disable,chip=84,clock=11external,eesave=aenable,bod=1v8,pinmapping=anew	1.8.6	1706	59	0	false	0	0		0	
2019-08-04 18:42:10	119	119.11	https://travis-ci.org/SpenceKonde/ATTinyCore/jobs/567600957	push	false	false	master	b77c2227bcd4db11a5c5717fb47ee62b94c0a48b	a5910804c94d...b77c2227bcd4	Yup, that line needed to be fixed too #327	/home/travis/Arduino/hardware/ATTinyCore/avr/libraries/Wire/examples/SFRRanger_reader/SFRRanger_reader.ino	ATTinyCore:avr:attinyx4:LTO=disable,chip=84,clock=11external,eesave=aenable,bod=1v8,pinmapping=anew	1.8.6	3444	130	0	false	0	0		0	
2019-08-04 18:42:13	119	119.11	https://travis-ci.org/SpenceKonde/ATTinyCore/jobs/567600957	push	false	false	master	b77c2227bcd4db11a5c5717fb47ee62b94c0a48b	a5910804c94d...b77c2227bcd4	Yup, that line needed to be fixed too #327	/home/travis/Arduino/hardware/ATTinyCore/avr/libraries/Wire/examples/slave_sender/slave_sender.ino	ATTinyCore:avr:attinyx4:LTO=disable,chip=84,clock=11external,eesave=aenable,bod=1v8,pinmapping=anew	1.8.6	1436	65	0	false	0	0		0	
2019-08-04 18:42:16	119	119.11	https://travis-ci.org/SpenceKonde/ATTinyCore/jobs/567600957	push	false	false	master	b77c2227bcd4db11a5c5717fb47ee62b94c0a48b	a5910804c94d...b77c2227bcd4	Yup, that line needed to be fixed too #327	/home/travis/Arduino/hardware/ATTinyCore/avr/libraries/Wire/examples/master_reader/master_reader.ino	ATTinyCore:avr:attinyx4:LTO=disable,chip=84,clock=11external,eesave=aenable,bod=1v8,pinmapping=anew	1.8.6	2882	128	0	false	0	0		0	
2019-08-04 18:42:20	119	119.11	https://travis-ci.org/SpenceKonde/ATTinyCore/jobs/567600957	push	false	false	master	b77c2227bcd4db11a5c5717fb47ee62b94c0a48b	a5910804c94d...b77c2227bcd4	Yup, that line needed to be fixed too #327	/home/travis/Arduino/hardware/ATTinyCore/avr/libraries/Wire/examples/master_writer/master_writer.ino	ATTinyCore:avr:attinyx4:LTO=disable,chip=84,clock=11external,eesave=aenable,bod=1v8,pinmapping=anew	1.8.6	1802	65	0	false	0	0		0	
2019-08-04 18:42:23	119	119.11	https://travis-ci.org/SpenceKonde/ATTinyCore/jobs/567600957	push	false	false	master	b77c2227bcd4db11a5c5717fb47ee62b94c0a48b	a5910804c94d...b77c2227bcd4	Yup, that line needed to be fixed too #327	/home/travis/Arduino/hardware/ATTinyCore/avr/libraries/SPI/examples/BarometricPressureSensor/BarometricPressureSensor.ino	ATTinyCore:avr:attinyx4:LTO=disable,chip=84,clock=11external,eesave=aenable,bod=1v8,pinmapping=anew	1.8.6	6280	122	1	false	0	0		0	
2019-08-04 18:42:26	119	119.11	https://travis-ci.org/SpenceKonde/ATTinyCore/jobs/567600957	push	false	false	master	b77c2227bcd4db11a5c5717fb47ee62b94c0a48b	a5910804c94d...b77c2227bcd4	Yup, that line needed to be fixed too #327	/home/travis/Arduino/hardware/ATTinyCore/avr/libraries/SPI/examples/DigitalPotControl/DigitalPotControl.ino	ATTinyCore:avr:attinyx4:LTO=disable,chip=84,clock=11external,eesave=aenable,bod=1v8,pinmapping=anew	1.8.6	1292	14	0	false	0	0		0	
2019-08-04 18:42:29	119	119.11	https://travis-ci.org/SpenceKonde/ATTinyCore/jobs/567600957	push	false	false	master	b77c2227bcd4db11a5c5717fb47ee62b94c0a48b	a5910804c94d...b77c2227bcd4	Yup, that line needed to be fixed too #327	/home/travis/Arduino/hardware/ATTinyCore/avr/libraries/ATTinyCore/examples/TemperatureRead/TemperatureRead.ino	ATTinyCore:avr:attinyx4:LTO=disable,chip=84,clock=11external,eesave=aenable,bod=1v8,pinmapping=anew	1.8.6	1978	86	0	false	0	0		0	
2019-08-04 18:42:34	119	119.11	https://travis-ci.org/SpenceKonde/ATTinyCore/jobs/567600957	push	false	false	master	b77c2227bcd4db11a5c5717fb47ee62b94c0a48b	a5910804c94d...b77c2227bcd4	Yup, that line needed to be fixed too #327	/home/travis/Arduino/hardware/ATTinyCore/avr/libraries/EEPROM/examples/eeprom_update/eeprom_update.ino	ATTinyCore:avr:attinyx4:LTO=disable,chip=84,clock=11external,eesave=aenable,bod=1v8,pinmapping=anew	1.8.9	726	12	1	false	0	0		0	
2019-08-04 18:42:37	119	119.11	https://travis-ci.org/SpenceKonde/ATTinyCore/jobs/567600957	push	false	false	master	b77c2227bcd4db11a5c5717fb47ee62b94c0a48b	a5910804c94d...b77c2227bcd4	Yup, that line needed to be fixed too #327	/home/travis/Arduino/hardware/ATTinyCore/avr/libraries/EEPROM/examples/eeprom_crc/eeprom_crc.ino	ATTinyCore:avr:attinyx4:LTO=disable,chip=84,clock=11external,eesave=aenable,bod=1v8,pinmapping=anew	1.8.9	2068	193	1	false	0	0		0	
2019-08-04 18:42:40	119	119.11	https://travis-ci.org/SpenceKonde/ATTinyCore/jobs/567600957	push	false	false	master	b77c2227bcd4db11a5c5717fb47ee62b94c0a48b	a5910804c94d...b77c2227bcd4	Yup, that line needed to be fixed too #327	/home/travis/Arduino/hardware/ATTinyCore/avr/libraries/EEPROM/examples/eeprom_iteration/eeprom_iteration.ino	ATTinyCore:avr:attinyx4:LTO=disable,chip=84,clock=11external,eesave=aenable,bod=1v8,pinmapping=anew	1.8.9	516	9	3	false	0	0		0	
2019-08-04 18:42:43	119	119.11	https://travis-ci.org/SpenceKonde/ATTinyCore/jobs/567600957	push	false	false	master	b77c2227bcd4db11a5c5717fb47ee62b94c0a48b	a5910804c94d...b77c2227bcd4	Yup, that line needed to be fixed too #327	/home/travis/Arduino/hardware/ATTinyCore/avr/libraries/EEPROM/examples/eeprom_put/eeprom_put.ino	ATTinyCore:avr:attinyx4:LTO=disable,chip=84,clock=11external,eesave=aenable,bod=1v8,pinmapping=anew	1.8.9	1736	223	0	false	0	0		0	
2019-08-04 18:42:46	119	119.11	https://travis-ci.org/SpenceKonde/ATTinyCore/jobs/567600957	push	false	false	master	b77c2227bcd4db11a5c5717fb47ee62b94c0a48b	a5910804c94d...b77c2227bcd4	Yup, that line needed to be fixed too #327	/home/travis/Arduino/hardware/ATTinyCore/avr/libraries/EEPROM/examples/eeprom_clear/eeprom_clear.ino	ATTinyCore:avr:attinyx4:LTO=disable,chip=84,clock=11external,eesave=aenable,bod=1v8,pinmapping=anew	1.8.9	702	9	1	false	0	0		0	
2019-08-04 18:42:49	119	119.11	https://travis-ci.org/SpenceKonde/ATTinyCore/jobs/567600957	push	false	false	master	b77c2227bcd4db11a5c5717fb47ee62b94c0a48b	a5910804c94d...b77c2227bcd4	Yup, that line needed to be fixed too #327	/home/travis/Arduino/hardware/ATTinyCore/avr/libraries/EEPROM/examples/eeprom_read/eeprom_read.ino	ATTinyCore:avr:attinyx4:LTO=disable,chip=84,clock=11external,eesave=aenable,bod=1v8,pinmapping=anew	1.8.9	2032	84	1	false	0	0		0	
2019-08-04 18:42:51	119	119.11	https://travis-ci.org/SpenceKonde/ATTinyCore/jobs/567600957	push	false	false	master	b77c2227bcd4db11a5c5717fb47ee62b94c0a48b	a5910804c94d...b77c2227bcd4	Yup, that line needed to be fixed too #327	/home/travis/Arduino/hardware/ATTinyCore/avr/libraries/EEPROM/examples/eeprom_get/eeprom_get.ino	ATTinyCore:avr:attinyx4:LTO=disable,chip=84,clock=11external,eesave=aenable,bod=1v8,pinmapping=anew	1.8.9	3440	139	0	false	0	0		0	
2019-08-04 18:42:54	119	119.11	https://travis-ci.org/SpenceKonde/ATTinyCore/jobs/567600957	push	false	false	master	b77c2227bcd4db11a5c5717fb47ee62b94c0a48b	a5910804c94d...b77c2227bcd4	Yup, that line needed to be fixed too #327	/home/travis/Arduino/hardware/ATTinyCore/avr/libraries/EEPROM/examples/eeprom_write/eeprom_write.ino	ATTinyCore:avr:attinyx4:LTO=disable,chip=84,clock=11external,eesave=aenable,bod=1v8,pinmapping=anew	1.8.9	678	12	1	false	0	0		0	
2019-08-04 18:42:57	119	119.11	https://travis-ci.org/SpenceKonde/ATTinyCore/jobs/567600957	push	false	false	master	b77c2227bcd4db11a5c5717fb47ee62b94c0a48b	a5910804c94d...b77c2227bcd4	Yup, that line needed to be fixed too #327	/home/travis/Arduino/hardware/ATTinyCore/avr/libraries/SoftwareSerial/examples/TwoPortReceive/TwoPortReceive.ino	ATTinyCore:avr:attinyx4:LTO=disable,chip=84,clock=11external,eesave=aenable,bod=1v8,pinmapping=anew	1.8.9	3212	265	6	false	0	0		0	
2019-08-04 18:43:00	119	119.11	https://travis-ci.org/SpenceKonde/ATTinyCore/jobs/567600957	push	false	false	master	b77c2227bcd4db11a5c5717fb47ee62b94c0a48b	a5910804c94d...b77c2227bcd4	Yup, that line needed to be fixed too #327	/home/travis/Arduino/hardware/ATTinyCore/avr/libraries/SoftwareSerial/examples/SoftwareSerialExample/SoftwareSerialExample.ino	ATTinyCore:avr:attinyx4:LTO=disable,chip=84,clock=11external,eesave=aenable,bod=1v8,pinmapping=anew	1.8.9	3140	224	6	false	0	0		0	
2019-08-04 18:43:03	119	119.11	https://travis-ci.org/SpenceKonde/ATTinyCore/jobs/567600957	push	false	false	master	b77c2227bcd4db11a5c5717fb47ee62b94c0a48b	a5910804c94d...b77c2227bcd4	Yup, that line needed to be fixed too #327	/home/travis/Arduino/hardware/ATTinyCore/avr/libraries/Servo/examples/Sweep/Sweep.ino	ATTinyCore:avr:attinyx4:LTO=disable,chip=84,clock=11external,eesave=aenable,bod=1v8,pinmapping=anew	1.8.9	2394	52	1	false	0	0		0	
2019-08-04 18:43:06	119	119.11	https://travis-ci.org/SpenceKonde/ATTinyCore/jobs/567600957	push	false	false	master	b77c2227bcd4db11a5c5717fb47ee62b94c0a48b	a5910804c94d...b77c2227bcd4	Yup, that line needed to be fixed too #327	/home/travis/Arduino/hardware/ATTinyCore/avr/libraries/Servo/examples/Knob/Knob.ino	ATTinyCore:avr:attinyx4:LTO=disable,chip=84,clock=11external,eesave=aenable,bod=1v8,pinmapping=anew	1.8.9	2438	55	1	false	0	0		0	
2019-08-04 18:43:09	119	119.11	https://travis-ci.org/SpenceKonde/ATTinyCore/jobs/567600957	push	false	false	master	b77c2227bcd4db11a5c5717fb47ee62b94c0a48b	a5910804c94d...b77c2227bcd4	Yup, that line needed to be fixed too #327	/home/travis/Arduino/hardware/ATTinyCore/avr/libraries/Wire/examples/slave_receiver/slave_receiver.ino	ATTinyCore:avr:attinyx4:LTO=disable,chip=84,clock=11external,eesave=aenable,bod=1v8,pinmapping=anew	1.8.9	2670	126	1	false	0	0		0	
2019-08-04 18:43:13	119	119.11	https://travis-ci.org/SpenceKonde/ATTinyCore/jobs/567600957	push	false	false	master	b77c2227bcd4db11a5c5717fb47ee62b94c0a48b	a5910804c94d...b77c2227bcd4	Yup, that line needed to be fixed too #327	/home/travis/Arduino/hardware/ATTinyCore/avr/libraries/Wire/examples/digital_potentiometer/digital_potentiometer.ino	ATTinyCore:avr:attinyx4:LTO=disable,chip=84,clock=11external,eesave=aenable,bod=1v8,pinmapping=anew	1.8.9	1706	59	0	false	0	0		0	
2019-08-04 18:43:16	119	119.11	https://travis-ci.org/SpenceKonde/ATTinyCore/jobs/567600957	push	false	false	master	b77c2227bcd4db11a5c5717fb47ee62b94c0a48b	a5910804c94d...b77c2227bcd4	Yup, that line needed to be fixed too #327	/home/travis/Arduino/hardware/ATTinyCore/avr/libraries/Wire/examples/SFRRanger_reader/SFRRanger_reader.ino	ATTinyCore:avr:attinyx4:LTO=disable,chip=84,clock=11external,eesave=aenable,bod=1v8,pinmapping=anew	1.8.9	3444	130	0	false	0	0		0	
2019-08-04 18:43:19	119	119.11	https://travis-ci.org/SpenceKonde/ATTinyCore/jobs/567600957	push	false	false	master	b77c2227bcd4db11a5c5717fb47ee62b94c0a48b	a5910804c94d...b77c2227bcd4	Yup, that line needed to be fixed too #327	/home/travis/Arduino/hardware/ATTinyCore/avr/libraries/Wire/examples/slave_sender/slave_sender.ino	ATTinyCore:avr:attinyx4:LTO=disable,chip=84,clock=11external,eesave=aenable,bod=1v8,pinmapping=anew	1.8.9	1436	65	0	false	0	0		0	
2019-08-04 18:43:22	119	119.11	https://travis-ci.org/SpenceKonde/ATTinyCore/jobs/567600957	push	false	false	master	b77c2227bcd4db11a5c5717fb47ee62b94c0a48b	a5910804c94d...b77c2227bcd4	Yup, that line needed to be fixed too #327	/home/travis/Arduino/hardware/ATTinyCore/avr/libraries/Wire/examples/master_reader/master_reader.ino	ATTinyCore:avr:attinyx4:LTO=disable,chip=84,clock=11external,eesave=aenable,bod=1v8,pinmapping=anew	1.8.9	2882	128	0	false	0	0		0	
2019-08-04 18:43:25	119	119.11	https://travis-ci.org/SpenceKonde/ATTinyCore/jobs/567600957	push	false	false	master	b77c2227bcd4db11a5c5717fb47ee62b94c0a48b	a5910804c94d...b77c2227bcd4	Yup, that line needed to be fixed too #327	/home/travis/Arduino/hardware/ATTinyCore/avr/libraries/Wire/examples/master_writer/master_writer.ino	ATTinyCore:avr:attinyx4:LTO=disable,chip=84,clock=11external,eesave=aenable,bod=1v8,pinmapping=anew	1.8.9	1802	65	0	false	0	0		0	
2019-08-04 18:43:28	119	119.11	https://travis-ci.org/SpenceKonde/ATTinyCore/jobs/567600957	push	false	false	master	b77c2227bcd4db11a5c5717fb47ee62b94c0a48b	a5910804c94d...b77c2227bcd4	Yup, that line needed to be fixed too #327	/home/travis/Arduino/hardware/ATTinyCore/avr/libraries/SPI/examples/BarometricPressureSensor/BarometricPressureSensor.ino	ATTinyCore:avr:attinyx4:LTO=disable,chip=84,clock=11external,eesave=aenable,bod=1v8,pinmapping=anew	1.8.9	6280	122	1	false	0	0		0	
2019-08-04 18:43:31	119	119.11	https://travis-ci.org/SpenceKonde/ATTinyCore/jobs/567600957	push	false	false	master	b77c2227bcd4db11a5c5717fb47ee62b94c0a48b	a5910804c94d...b77c2227bcd4	Yup, that line needed to be fixed too #327	/home/travis/Arduino/hardware/ATTinyCore/avr/libraries/SPI/examples/DigitalPotControl/DigitalPotControl.ino	ATTinyCore:avr:attinyx4:LTO=disable,chip=84,clock=11external,eesave=aenable,bod=1v8,pinmapping=anew	1.8.9	1292	14	0	false	0	0		0	
2019-08-04 18:43:34	119	119.11	https://travis-ci.org/SpenceKonde/ATTinyCore/jobs/567600957	push	false	false	master	b77c2227bcd4db11a5c5717fb47ee62b94c0a48b	a5910804c94d...b77c2227bcd4	Yup, that line needed to be fixed too #327	/home/travis/Arduino/hardware/ATTinyCore/avr/libraries/ATTinyCore/examples/TemperatureRead/TemperatureRead.ino	ATTinyCore:avr:attinyx4:LTO=disable,chip=84,clock=11external,eesave=aenable,bod=1v8,pinmapping=anew	1.8.9	1978	86	0	false	0	0		0	
