Build Timestamp (UTC)	Build	Job	Job URL	Build Trigger	Allow Job Failure	PR#	Branch	Commit	Commit Range	Commit Message	Sketch Filename	Board ID	IDE Version	Program Storage (bytes)	Dynamic Memory (bytes)	# Warnings	Allow Failure	Exit Status	# Board Issues	Board Issue	# Library Issues	Library Issue
2020-07-21 04:51:52	392	392.153	https://travis-ci.org/SpenceKonde/ATTinyCore/jobs/710225406	push		false	master	39b865918fe608b836046eaf454b2588f3297161	b9a98a221531...39b865918fe6	Fix missing linebreak in wiring.c	/home/travis/Arduino/hardware/ATTinyCore/avr/libraries/SoftwareSerial/examples/SoftwareSerialExample/SoftwareSerialExample.ino	ATTinyCore:avr:attiny1634:LTO=disable,clock=12external,eesave=disable,bod=2v7,neopixelport=portb,millis=enabled	1.6.7	3812	265	9	false	0	0		0	
2020-07-21 04:51:56	392	392.153	https://travis-ci.org/SpenceKonde/ATTinyCore/jobs/710225406	push		false	master	39b865918fe608b836046eaf454b2588f3297161	b9a98a221531...39b865918fe6	Fix missing linebreak in wiring.c	/home/travis/Arduino/hardware/ATTinyCore/avr/libraries/SoftwareSerial/examples/TwoPortReceive/TwoPortReceive.ino	ATTinyCore:avr:attiny1634:LTO=disable,clock=12external,eesave=disable,bod=2v7,neopixelport=portb,millis=enabled	1.6.7	3912	306	9	false	0	0		0	
2020-07-21 04:51:59	392	392.153	https://travis-ci.org/SpenceKonde/ATTinyCore/jobs/710225406	push		false	master	39b865918fe608b836046eaf454b2588f3297161	b9a98a221531...39b865918fe6	Fix missing linebreak in wiring.c	/home/travis/Arduino/hardware/ATTinyCore/avr/libraries/tinyNeoPixel/examples/strandtest/strandtest.ino	ATTinyCore:avr:attiny1634:LTO=disable,clock=12external,eesave=disable,bod=2v7,neopixelport=portb,millis=enabled	1.6.7	3826	39	0	false	0	0		0	
2020-07-21 04:52:15	392	392.153	https://travis-ci.org/SpenceKonde/ATTinyCore/jobs/710225406	push		false	master	39b865918fe608b836046eaf454b2588f3297161	b9a98a221531...39b865918fe6	Fix missing linebreak in wiring.c	/home/travis/Arduino/hardware/ATTinyCore/avr/libraries/tinyNeoPixel/examples/buttoncycler/buttoncycler.ino	ATTinyCore:avr:attiny1634:LTO=disable,clock=12external,eesave=disable,bod=2v7,neopixelport=portb,millis=enabled	1.6.7	2860	41	0	false	0	0		0	
2020-07-21 04:52:19	392	392.153	https://travis-ci.org/SpenceKonde/ATTinyCore/jobs/710225406	push		false	master	39b865918fe608b836046eaf454b2588f3297161	b9a98a221531...39b865918fe6	Fix missing linebreak in wiring.c	/home/travis/Arduino/hardware/ATTinyCore/avr/libraries/tinyNeoPixel/examples/RGBWstrandtest/RGBWstrandtest.ino	ATTinyCore:avr:attiny1634:LTO=disable,clock=12external,eesave=disable,bod=2v7,neopixelport=portb,millis=enabled	1.6.7	7030	410	6	false	0	0		0	
2020-07-21 04:52:23	392	392.153	https://travis-ci.org/SpenceKonde/ATTinyCore/jobs/710225406	push		false	master	39b865918fe608b836046eaf454b2588f3297161	b9a98a221531...39b865918fe6	Fix missing linebreak in wiring.c	/home/travis/Arduino/hardware/ATTinyCore/avr/libraries/tinyNeoPixel/examples/simple/simple.ino	ATTinyCore:avr:attiny1634:LTO=disable,clock=12external,eesave=disable,bod=2v7,neopixelport=portb,millis=enabled	1.6.7	2860	41	0	false	0	0		0	
2020-07-21 04:52:27	392	392.153	https://travis-ci.org/SpenceKonde/ATTinyCore/jobs/710225406	push		false	master	39b865918fe608b836046eaf454b2588f3297161	b9a98a221531...39b865918fe6	Fix missing linebreak in wiring.c	/home/travis/Arduino/hardware/ATTinyCore/avr/libraries/Servo/examples/Knob/Knob.ino	ATTinyCore:avr:attiny1634:LTO=disable,clock=12external,eesave=disable,bod=2v7,neopixelport=portb,millis=enabled	1.6.7	2950	59	2	false	0	0		0	
2020-07-21 04:52:30	392	392.153	https://travis-ci.org/SpenceKonde/ATTinyCore/jobs/710225406	push		false	master	39b865918fe608b836046eaf454b2588f3297161	b9a98a221531...39b865918fe6	Fix missing linebreak in wiring.c	/home/travis/Arduino/hardware/ATTinyCore/avr/libraries/Servo/examples/Sweep/Sweep.ino	ATTinyCore:avr:attiny1634:LTO=disable,clock=12external,eesave=disable,bod=2v7,neopixelport=portb,millis=enabled	1.6.7	2894	56	2	false	0	0		0	
2020-07-21 04:52:34	392	392.153	https://travis-ci.org/SpenceKonde/ATTinyCore/jobs/710225406	push		false	master	39b865918fe608b836046eaf454b2588f3297161	b9a98a221531...39b865918fe6	Fix missing linebreak in wiring.c	/home/travis/Arduino/hardware/ATTinyCore/avr/libraries/EEPROM/examples/eeprom_get/eeprom_get.ino	ATTinyCore:avr:attiny1634:LTO=disable,clock=12external,eesave=disable,bod=2v7,neopixelport=portb,millis=enabled	1.6.7	4110	192	0	false	0	0		0	
2020-07-21 04:52:38	392	392.153	https://travis-ci.org/SpenceKonde/ATTinyCore/jobs/710225406	push		false	master	39b865918fe608b836046eaf454b2588f3297161	b9a98a221531...39b865918fe6	Fix missing linebreak in wiring.c	/home/travis/Arduino/hardware/ATTinyCore/avr/libraries/EEPROM/examples/eeprom_crc/eeprom_crc.ino	ATTinyCore:avr:attiny1634:LTO=disable,clock=12external,eesave=disable,bod=2v7,neopixelport=portb,millis=enabled	1.6.7	2514	234	1	false	0	0		0	
2020-07-21 04:52:41	392	392.153	https://travis-ci.org/SpenceKonde/ATTinyCore/jobs/710225406	push		false	master	39b865918fe608b836046eaf454b2588f3297161	b9a98a221531...39b865918fe6	Fix missing linebreak in wiring.c	/home/travis/Arduino/hardware/ATTinyCore/avr/libraries/EEPROM/examples/eeprom_read/eeprom_read.ino	ATTinyCore:avr:attiny1634:LTO=disable,clock=12external,eesave=disable,bod=2v7,neopixelport=portb,millis=enabled	1.6.7	2490	125	1	false	0	0		0	
2020-07-21 04:52:45	392	392.153	https://travis-ci.org/SpenceKonde/ATTinyCore/jobs/710225406	push		false	master	39b865918fe608b836046eaf454b2588f3297161	b9a98a221531...39b865918fe6	Fix missing linebreak in wiring.c	/home/travis/Arduino/hardware/ATTinyCore/avr/libraries/EEPROM/examples/eeprom_clear/eeprom_clear.ino	ATTinyCore:avr:attiny1634:LTO=disable,clock=12external,eesave=disable,bod=2v7,neopixelport=portb,millis=enabled	1.6.7	872	9	1	false	0	0		0	
2020-07-21 04:52:49	392	392.153	https://travis-ci.org/SpenceKonde/ATTinyCore/jobs/710225406	push		false	master	39b865918fe608b836046eaf454b2588f3297161	b9a98a221531...39b865918fe6	Fix missing linebreak in wiring.c	/home/travis/Arduino/hardware/ATTinyCore/avr/libraries/EEPROM/examples/eeprom_write/eeprom_write.ino	ATTinyCore:avr:attiny1634:LTO=disable,clock=12external,eesave=disable,bod=2v7,neopixelport=portb,millis=enabled	1.6.7	798	12	0	false	0	0		0	
2020-07-21 04:52:52	392	392.153	https://travis-ci.org/SpenceKonde/ATTinyCore/jobs/710225406	push		false	master	39b865918fe608b836046eaf454b2588f3297161	b9a98a221531...39b865918fe6	Fix missing linebreak in wiring.c	/home/travis/Arduino/hardware/ATTinyCore/avr/libraries/EEPROM/examples/eeprom_iteration/eeprom_iteration.ino	ATTinyCore:avr:attiny1634:LTO=disable,clock=12external,eesave=disable,bod=2v7,neopixelport=portb,millis=enabled	1.6.7	620	9	3	false	0	0		0	
2020-07-21 04:52:56	392	392.153	https://travis-ci.org/SpenceKonde/ATTinyCore/jobs/710225406	push		false	master	39b865918fe608b836046eaf454b2588f3297161	b9a98a221531...39b865918fe6	Fix missing linebreak in wiring.c	/home/travis/Arduino/hardware/ATTinyCore/avr/libraries/EEPROM/examples/eeprom_update/eeprom_update.ino	ATTinyCore:avr:attiny1634:LTO=disable,clock=12external,eesave=disable,bod=2v7,neopixelport=portb,millis=enabled	1.6.7	848	12	1	false	0	0		0	
2020-07-21 04:52:59	392	392.153	https://travis-ci.org/SpenceKonde/ATTinyCore/jobs/710225406	push		false	master	39b865918fe608b836046eaf454b2588f3297161	b9a98a221531...39b865918fe6	Fix missing linebreak in wiring.c	/home/travis/Arduino/hardware/ATTinyCore/avr/libraries/EEPROM/examples/eeprom_put/eeprom_put.ino	ATTinyCore:avr:attiny1634:LTO=disable,clock=12external,eesave=disable,bod=2v7,neopixelport=portb,millis=enabled	1.6.7	2174	264	0	false	0	0		0	
2020-07-21 04:53:03	392	392.153	https://travis-ci.org/SpenceKonde/ATTinyCore/jobs/710225406	push		false	master	39b865918fe608b836046eaf454b2588f3297161	b9a98a221531...39b865918fe6	Fix missing linebreak in wiring.c	/home/travis/Arduino/hardware/ATTinyCore/avr/libraries/ATTinyCore/examples/TemperatureRead/TemperatureRead.ino	ATTinyCore:avr:attiny1634:LTO=disable,clock=12external,eesave=disable,bod=2v7,neopixelport=portb,millis=enabled	1.6.7	2456	127	0	false	0	0		0	
2020-07-21 04:53:07	392	392.153	https://travis-ci.org/SpenceKonde/ATTinyCore/jobs/710225406	push		false	master	39b865918fe608b836046eaf454b2588f3297161	b9a98a221531...39b865918fe6	Fix missing linebreak in wiring.c	/home/travis/Arduino/hardware/ATTinyCore/avr/libraries/tinyNeoPixel_Static/examples/strandtest/strandtest.ino	ATTinyCore:avr:attiny1634:LTO=disable,clock=12external,eesave=disable,bod=2v7,neopixelport=portb,millis=enabled	1.6.7	2816	208	5	false	0	0		0	
2020-07-21 04:53:11	392	392.153	https://travis-ci.org/SpenceKonde/ATTinyCore/jobs/710225406	push		false	master	39b865918fe608b836046eaf454b2588f3297161	b9a98a221531...39b865918fe6	Fix missing linebreak in wiring.c	/home/travis/Arduino/hardware/ATTinyCore/avr/libraries/tinyNeoPixel_Static/examples/buttoncycler/buttoncycler.ino	ATTinyCore:avr:attiny1634:LTO=disable,clock=12external,eesave=disable,bod=2v7,neopixelport=portb,millis=enabled	1.6.7	3032	80	5	false	0	0		0	
2020-07-21 04:53:15	392	392.153	https://travis-ci.org/SpenceKonde/ATTinyCore/jobs/710225406	push		false	master	39b865918fe608b836046eaf454b2588f3297161	b9a98a221531...39b865918fe6	Fix missing linebreak in wiring.c	/home/travis/Arduino/hardware/ATTinyCore/avr/libraries/tinyNeoPixel_Static/examples/simple/simple.ino	ATTinyCore:avr:attiny1634:LTO=disable,clock=12external,eesave=disable,bod=2v7,neopixelport=portb,millis=enabled	1.6.7	1882	78	1	false	0	0		0	
2020-07-21 04:53:19	392	392.153	https://travis-ci.org/SpenceKonde/ATTinyCore/jobs/710225406	push		false	master	39b865918fe608b836046eaf454b2588f3297161	b9a98a221531...39b865918fe6	Fix missing linebreak in wiring.c	/home/travis/Arduino/hardware/ATTinyCore/avr/libraries/SPI/examples/BarometricPressureSensor/BarometricPressureSensor.ino	ATTinyCore:avr:attiny1634:LTO=disable,clock=12external,eesave=disable,bod=2v7,neopixelport=portb,millis=enabled	1.6.7	7106	175	1	false	0	0		0	
2020-07-21 04:53:22	392	392.153	https://travis-ci.org/SpenceKonde/ATTinyCore/jobs/710225406	push		false	master	39b865918fe608b836046eaf454b2588f3297161	b9a98a221531...39b865918fe6	Fix missing linebreak in wiring.c	/home/travis/Arduino/hardware/ATTinyCore/avr/libraries/SPI/examples/DigitalPotControl/DigitalPotControl.ino	ATTinyCore:avr:attiny1634:LTO=disable,clock=12external,eesave=disable,bod=2v7,neopixelport=portb,millis=enabled	1.6.7	1522	14	0	false	0	0		0	
2020-07-21 04:53:26	392	392.153	https://travis-ci.org/SpenceKonde/ATTinyCore/jobs/710225406	push		false	master	39b865918fe608b836046eaf454b2588f3297161	b9a98a221531...39b865918fe6	Fix missing linebreak in wiring.c	/home/travis/Arduino/hardware/ATTinyCore/avr/libraries/Wire/examples/SFRRanger_reader/SFRRanger_reader.ino	ATTinyCore:avr:attiny1634:LTO=disable,clock=12external,eesave=disable,bod=2v7,neopixelport=portb,millis=enabled	1.6.7	3994	171	0	false	0	0		0	
2020-07-21 04:53:30	392	392.153	https://travis-ci.org/SpenceKonde/ATTinyCore/jobs/710225406	push		false	master	39b865918fe608b836046eaf454b2588f3297161	b9a98a221531...39b865918fe6	Fix missing linebreak in wiring.c	/home/travis/Arduino/hardware/ATTinyCore/avr/libraries/Wire/examples/master_writer/master_writer.ino	ATTinyCore:avr:attiny1634:LTO=disable,clock=12external,eesave=disable,bod=2v7,neopixelport=portb,millis=enabled	1.6.7	1972	65	0	false	0	0		0	
2020-07-21 04:53:34	392	392.153	https://travis-ci.org/SpenceKonde/ATTinyCore/jobs/710225406	push		false	master	39b865918fe608b836046eaf454b2588f3297161	b9a98a221531...39b865918fe6	Fix missing linebreak in wiring.c	/home/travis/Arduino/hardware/ATTinyCore/avr/libraries/Wire/examples/digital_potentiometer/digital_potentiometer.ino	ATTinyCore:avr:attiny1634:LTO=disable,clock=12external,eesave=disable,bod=2v7,neopixelport=portb,millis=enabled	1.6.7	1870	59	0	false	0	0		0	
2020-07-21 04:53:38	392	392.153	https://travis-ci.org/SpenceKonde/ATTinyCore/jobs/710225406	push		false	master	39b865918fe608b836046eaf454b2588f3297161	b9a98a221531...39b865918fe6	Fix missing linebreak in wiring.c	/home/travis/Arduino/hardware/ATTinyCore/avr/libraries/Wire/examples/slave_receiver/slave_receiver.ino	ATTinyCore:avr:attiny1634:LTO=disable,clock=12external,eesave=disable,bod=2v7,neopixelport=portb,millis=enabled	1.6.7	3182	167	1	false	0	0		0	
2020-07-21 04:53:42	392	392.153	https://travis-ci.org/SpenceKonde/ATTinyCore/jobs/710225406	push		false	master	39b865918fe608b836046eaf454b2588f3297161	b9a98a221531...39b865918fe6	Fix missing linebreak in wiring.c	/home/travis/Arduino/hardware/ATTinyCore/avr/libraries/Wire/examples/master_reader/master_reader.ino	ATTinyCore:avr:attiny1634:LTO=disable,clock=12external,eesave=disable,bod=2v7,neopixelport=portb,millis=enabled	1.6.7	3372	169	0	false	0	0		0	
2020-07-21 04:53:46	392	392.153	https://travis-ci.org/SpenceKonde/ATTinyCore/jobs/710225406	push		false	master	39b865918fe608b836046eaf454b2588f3297161	b9a98a221531...39b865918fe6	Fix missing linebreak in wiring.c	/home/travis/Arduino/hardware/ATTinyCore/avr/libraries/Wire/examples/slave_sender/slave_sender.ino	ATTinyCore:avr:attiny1634:LTO=disable,clock=12external,eesave=disable,bod=2v7,neopixelport=portb,millis=enabled	1.6.7	1606	65	0	false	0	0		0	
2020-07-21 04:53:49	392	392.153	https://travis-ci.org/SpenceKonde/ATTinyCore/jobs/710225406	push		false	master	39b865918fe608b836046eaf454b2588f3297161	b9a98a221531...39b865918fe6	Fix missing linebreak in wiring.c	/home/travis/Arduino/hardware/ATTinyCore/avr/libraries/Servo_ATTinyCore/examples/Knob/Knob.ino	ATTinyCore:avr:attiny1634:LTO=disable,clock=12external,eesave=disable,bod=2v7,neopixelport=portb,millis=enabled	1.6.7	2950	59	2	false	0	0		0	
2020-07-21 04:53:53	392	392.153	https://travis-ci.org/SpenceKonde/ATTinyCore/jobs/710225406	push		false	master	39b865918fe608b836046eaf454b2588f3297161	b9a98a221531...39b865918fe6	Fix missing linebreak in wiring.c	/home/travis/Arduino/hardware/ATTinyCore/avr/libraries/Servo_ATTinyCore/examples/Sweep/Sweep.ino	ATTinyCore:avr:attiny1634:LTO=disable,clock=12external,eesave=disable,bod=2v7,neopixelport=portb,millis=enabled	1.6.7	2894	56	2	false	0	0		0	
2020-07-21 04:53:59	392	392.153	https://travis-ci.org/SpenceKonde/ATTinyCore/jobs/710225406	push		false	master	39b865918fe608b836046eaf454b2588f3297161	b9a98a221531...39b865918fe6	Fix missing linebreak in wiring.c	/home/travis/Arduino/hardware/ATTinyCore/avr/libraries/SoftwareSerial/examples/SoftwareSerialExample/SoftwareSerialExample.ino	ATTinyCore:avr:attiny1634:LTO=disable,clock=12external,eesave=disable,bod=2v7,neopixelport=portb,millis=enabled	1.6.9	3812	265	9	false	0	0		0	
2020-07-21 04:54:03	392	392.153	https://travis-ci.org/SpenceKonde/ATTinyCore/jobs/710225406	push		false	master	39b865918fe608b836046eaf454b2588f3297161	b9a98a221531...39b865918fe6	Fix missing linebreak in wiring.c	/home/travis/Arduino/hardware/ATTinyCore/avr/libraries/SoftwareSerial/examples/TwoPortReceive/TwoPortReceive.ino	ATTinyCore:avr:attiny1634:LTO=disable,clock=12external,eesave=disable,bod=2v7,neopixelport=portb,millis=enabled	1.6.9	3912	306	9	false	0	0		0	
2020-07-21 04:54:07	392	392.153	https://travis-ci.org/SpenceKonde/ATTinyCore/jobs/710225406	push		false	master	39b865918fe608b836046eaf454b2588f3297161	b9a98a221531...39b865918fe6	Fix missing linebreak in wiring.c	/home/travis/Arduino/hardware/ATTinyCore/avr/libraries/tinyNeoPixel/examples/strandtest/strandtest.ino	ATTinyCore:avr:attiny1634:LTO=disable,clock=12external,eesave=disable,bod=2v7,neopixelport=portb,millis=enabled	1.6.9	3826	39	0	false	0	0		0	
2020-07-21 04:54:11	392	392.153	https://travis-ci.org/SpenceKonde/ATTinyCore/jobs/710225406	push		false	master	39b865918fe608b836046eaf454b2588f3297161	b9a98a221531...39b865918fe6	Fix missing linebreak in wiring.c	/home/travis/Arduino/hardware/ATTinyCore/avr/libraries/tinyNeoPixel/examples/buttoncycler/buttoncycler.ino	ATTinyCore:avr:attiny1634:LTO=disable,clock=12external,eesave=disable,bod=2v7,neopixelport=portb,millis=enabled	1.6.9	2860	41	0	false	0	0		0	
2020-07-21 04:54:15	392	392.153	https://travis-ci.org/SpenceKonde/ATTinyCore/jobs/710225406	push		false	master	39b865918fe608b836046eaf454b2588f3297161	b9a98a221531...39b865918fe6	Fix missing linebreak in wiring.c	/home/travis/Arduino/hardware/ATTinyCore/avr/libraries/tinyNeoPixel/examples/RGBWstrandtest/RGBWstrandtest.ino	ATTinyCore:avr:attiny1634:LTO=disable,clock=12external,eesave=disable,bod=2v7,neopixelport=portb,millis=enabled	1.6.9	7030	410	6	false	0	0		0	
2020-07-21 04:54:19	392	392.153	https://travis-ci.org/SpenceKonde/ATTinyCore/jobs/710225406	push		false	master	39b865918fe608b836046eaf454b2588f3297161	b9a98a221531...39b865918fe6	Fix missing linebreak in wiring.c	/home/travis/Arduino/hardware/ATTinyCore/avr/libraries/tinyNeoPixel/examples/simple/simple.ino	ATTinyCore:avr:attiny1634:LTO=disable,clock=12external,eesave=disable,bod=2v7,neopixelport=portb,millis=enabled	1.6.9	2860	41	0	false	0	0		0	
2020-07-21 04:54:23	392	392.153	https://travis-ci.org/SpenceKonde/ATTinyCore/jobs/710225406	push		false	master	39b865918fe608b836046eaf454b2588f3297161	b9a98a221531...39b865918fe6	Fix missing linebreak in wiring.c	/home/travis/Arduino/hardware/ATTinyCore/avr/libraries/Servo/examples/Knob/Knob.ino	ATTinyCore:avr:attiny1634:LTO=disable,clock=12external,eesave=disable,bod=2v7,neopixelport=portb,millis=enabled	1.6.9	2950	59	2	false	0	0		0	
2020-07-21 04:54:27	392	392.153	https://travis-ci.org/SpenceKonde/ATTinyCore/jobs/710225406	push		false	master	39b865918fe608b836046eaf454b2588f3297161	b9a98a221531...39b865918fe6	Fix missing linebreak in wiring.c	/home/travis/Arduino/hardware/ATTinyCore/avr/libraries/Servo/examples/Sweep/Sweep.ino	ATTinyCore:avr:attiny1634:LTO=disable,clock=12external,eesave=disable,bod=2v7,neopixelport=portb,millis=enabled	1.6.9	2894	56	2	false	0	0		0	
2020-07-21 04:54:31	392	392.153	https://travis-ci.org/SpenceKonde/ATTinyCore/jobs/710225406	push		false	master	39b865918fe608b836046eaf454b2588f3297161	b9a98a221531...39b865918fe6	Fix missing linebreak in wiring.c	/home/travis/Arduino/hardware/ATTinyCore/avr/libraries/EEPROM/examples/eeprom_get/eeprom_get.ino	ATTinyCore:avr:attiny1634:LTO=disable,clock=12external,eesave=disable,bod=2v7,neopixelport=portb,millis=enabled	1.6.9	4110	192	0	false	0	0		0	
2020-07-21 04:54:35	392	392.153	https://travis-ci.org/SpenceKonde/ATTinyCore/jobs/710225406	push		false	master	39b865918fe608b836046eaf454b2588f3297161	b9a98a221531...39b865918fe6	Fix missing linebreak in wiring.c	/home/travis/Arduino/hardware/ATTinyCore/avr/libraries/EEPROM/examples/eeprom_crc/eeprom_crc.ino	ATTinyCore:avr:attiny1634:LTO=disable,clock=12external,eesave=disable,bod=2v7,neopixelport=portb,millis=enabled	1.6.9	2514	234	1	false	0	0		0	
2020-07-21 04:54:39	392	392.153	https://travis-ci.org/SpenceKonde/ATTinyCore/jobs/710225406	push		false	master	39b865918fe608b836046eaf454b2588f3297161	b9a98a221531...39b865918fe6	Fix missing linebreak in wiring.c	/home/travis/Arduino/hardware/ATTinyCore/avr/libraries/EEPROM/examples/eeprom_read/eeprom_read.ino	ATTinyCore:avr:attiny1634:LTO=disable,clock=12external,eesave=disable,bod=2v7,neopixelport=portb,millis=enabled	1.6.9	2490	125	1	false	0	0		0	
2020-07-21 04:54:43	392	392.153	https://travis-ci.org/SpenceKonde/ATTinyCore/jobs/710225406	push		false	master	39b865918fe608b836046eaf454b2588f3297161	b9a98a221531...39b865918fe6	Fix missing linebreak in wiring.c	/home/travis/Arduino/hardware/ATTinyCore/avr/libraries/EEPROM/examples/eeprom_clear/eeprom_clear.ino	ATTinyCore:avr:attiny1634:LTO=disable,clock=12external,eesave=disable,bod=2v7,neopixelport=portb,millis=enabled	1.6.9	872	9	1	false	0	0		0	
2020-07-21 04:54:47	392	392.153	https://travis-ci.org/SpenceKonde/ATTinyCore/jobs/710225406	push		false	master	39b865918fe608b836046eaf454b2588f3297161	b9a98a221531...39b865918fe6	Fix missing linebreak in wiring.c	/home/travis/Arduino/hardware/ATTinyCore/avr/libraries/EEPROM/examples/eeprom_write/eeprom_write.ino	ATTinyCore:avr:attiny1634:LTO=disable,clock=12external,eesave=disable,bod=2v7,neopixelport=portb,millis=enabled	1.6.9	798	12	0	false	0	0		0	
2020-07-21 04:54:51	392	392.153	https://travis-ci.org/SpenceKonde/ATTinyCore/jobs/710225406	push		false	master	39b865918fe608b836046eaf454b2588f3297161	b9a98a221531...39b865918fe6	Fix missing linebreak in wiring.c	/home/travis/Arduino/hardware/ATTinyCore/avr/libraries/EEPROM/examples/eeprom_iteration/eeprom_iteration.ino	ATTinyCore:avr:attiny1634:LTO=disable,clock=12external,eesave=disable,bod=2v7,neopixelport=portb,millis=enabled	1.6.9	620	9	3	false	0	0		0	
2020-07-21 04:54:55	392	392.153	https://travis-ci.org/SpenceKonde/ATTinyCore/jobs/710225406	push		false	master	39b865918fe608b836046eaf454b2588f3297161	b9a98a221531...39b865918fe6	Fix missing linebreak in wiring.c	/home/travis/Arduino/hardware/ATTinyCore/avr/libraries/EEPROM/examples/eeprom_update/eeprom_update.ino	ATTinyCore:avr:attiny1634:LTO=disable,clock=12external,eesave=disable,bod=2v7,neopixelport=portb,millis=enabled	1.6.9	848	12	1	false	0	0		0	
2020-07-21 04:54:59	392	392.153	https://travis-ci.org/SpenceKonde/ATTinyCore/jobs/710225406	push		false	master	39b865918fe608b836046eaf454b2588f3297161	b9a98a221531...39b865918fe6	Fix missing linebreak in wiring.c	/home/travis/Arduino/hardware/ATTinyCore/avr/libraries/EEPROM/examples/eeprom_put/eeprom_put.ino	ATTinyCore:avr:attiny1634:LTO=disable,clock=12external,eesave=disable,bod=2v7,neopixelport=portb,millis=enabled	1.6.9	2174	264	0	false	0	0		0	
2020-07-21 04:55:03	392	392.153	https://travis-ci.org/SpenceKonde/ATTinyCore/jobs/710225406	push		false	master	39b865918fe608b836046eaf454b2588f3297161	b9a98a221531...39b865918fe6	Fix missing linebreak in wiring.c	/home/travis/Arduino/hardware/ATTinyCore/avr/libraries/ATTinyCore/examples/TemperatureRead/TemperatureRead.ino	ATTinyCore:avr:attiny1634:LTO=disable,clock=12external,eesave=disable,bod=2v7,neopixelport=portb,millis=enabled	1.6.9	2456	127	0	false	0	0		0	
2020-07-21 04:55:07	392	392.153	https://travis-ci.org/SpenceKonde/ATTinyCore/jobs/710225406	push		false	master	39b865918fe608b836046eaf454b2588f3297161	b9a98a221531...39b865918fe6	Fix missing linebreak in wiring.c	/home/travis/Arduino/hardware/ATTinyCore/avr/libraries/tinyNeoPixel_Static/examples/strandtest/strandtest.ino	ATTinyCore:avr:attiny1634:LTO=disable,clock=12external,eesave=disable,bod=2v7,neopixelport=portb,millis=enabled	1.6.9	2816	208	5	false	0	0		0	
2020-07-21 04:55:11	392	392.153	https://travis-ci.org/SpenceKonde/ATTinyCore/jobs/710225406	push		false	master	39b865918fe608b836046eaf454b2588f3297161	b9a98a221531...39b865918fe6	Fix missing linebreak in wiring.c	/home/travis/Arduino/hardware/ATTinyCore/avr/libraries/tinyNeoPixel_Static/examples/buttoncycler/buttoncycler.ino	ATTinyCore:avr:attiny1634:LTO=disable,clock=12external,eesave=disable,bod=2v7,neopixelport=portb,millis=enabled	1.6.9	3032	80	5	false	0	0		0	
2020-07-21 04:55:15	392	392.153	https://travis-ci.org/SpenceKonde/ATTinyCore/jobs/710225406	push		false	master	39b865918fe608b836046eaf454b2588f3297161	b9a98a221531...39b865918fe6	Fix missing linebreak in wiring.c	/home/travis/Arduino/hardware/ATTinyCore/avr/libraries/tinyNeoPixel_Static/examples/simple/simple.ino	ATTinyCore:avr:attiny1634:LTO=disable,clock=12external,eesave=disable,bod=2v7,neopixelport=portb,millis=enabled	1.6.9	1882	78	1	false	0	0		0	
2020-07-21 04:55:20	392	392.153	https://travis-ci.org/SpenceKonde/ATTinyCore/jobs/710225406	push		false	master	39b865918fe608b836046eaf454b2588f3297161	b9a98a221531...39b865918fe6	Fix missing linebreak in wiring.c	/home/travis/Arduino/hardware/ATTinyCore/avr/libraries/SPI/examples/BarometricPressureSensor/BarometricPressureSensor.ino	ATTinyCore:avr:attiny1634:LTO=disable,clock=12external,eesave=disable,bod=2v7,neopixelport=portb,millis=enabled	1.6.9	7106	175	1	false	0	0		0	
2020-07-21 04:55:24	392	392.153	https://travis-ci.org/SpenceKonde/ATTinyCore/jobs/710225406	push		false	master	39b865918fe608b836046eaf454b2588f3297161	b9a98a221531...39b865918fe6	Fix missing linebreak in wiring.c	/home/travis/Arduino/hardware/ATTinyCore/avr/libraries/SPI/examples/DigitalPotControl/DigitalPotControl.ino	ATTinyCore:avr:attiny1634:LTO=disable,clock=12external,eesave=disable,bod=2v7,neopixelport=portb,millis=enabled	1.6.9	1522	14	0	false	0	0		0	
2020-07-21 04:55:28	392	392.153	https://travis-ci.org/SpenceKonde/ATTinyCore/jobs/710225406	push		false	master	39b865918fe608b836046eaf454b2588f3297161	b9a98a221531...39b865918fe6	Fix missing linebreak in wiring.c	/home/travis/Arduino/hardware/ATTinyCore/avr/libraries/Wire/examples/SFRRanger_reader/SFRRanger_reader.ino	ATTinyCore:avr:attiny1634:LTO=disable,clock=12external,eesave=disable,bod=2v7,neopixelport=portb,millis=enabled	1.6.9	3994	171	0	false	0	0		0	
2020-07-21 04:55:32	392	392.153	https://travis-ci.org/SpenceKonde/ATTinyCore/jobs/710225406	push		false	master	39b865918fe608b836046eaf454b2588f3297161	b9a98a221531...39b865918fe6	Fix missing linebreak in wiring.c	/home/travis/Arduino/hardware/ATTinyCore/avr/libraries/Wire/examples/master_writer/master_writer.ino	ATTinyCore:avr:attiny1634:LTO=disable,clock=12external,eesave=disable,bod=2v7,neopixelport=portb,millis=enabled	1.6.9	1972	65	0	false	0	0		0	
2020-07-21 04:55:36	392	392.153	https://travis-ci.org/SpenceKonde/ATTinyCore/jobs/710225406	push		false	master	39b865918fe608b836046eaf454b2588f3297161	b9a98a221531...39b865918fe6	Fix missing linebreak in wiring.c	/home/travis/Arduino/hardware/ATTinyCore/avr/libraries/Wire/examples/digital_potentiometer/digital_potentiometer.ino	ATTinyCore:avr:attiny1634:LTO=disable,clock=12external,eesave=disable,bod=2v7,neopixelport=portb,millis=enabled	1.6.9	1870	59	0	false	0	0		0	
2020-07-21 04:55:40	392	392.153	https://travis-ci.org/SpenceKonde/ATTinyCore/jobs/710225406	push		false	master	39b865918fe608b836046eaf454b2588f3297161	b9a98a221531...39b865918fe6	Fix missing linebreak in wiring.c	/home/travis/Arduino/hardware/ATTinyCore/avr/libraries/Wire/examples/slave_receiver/slave_receiver.ino	ATTinyCore:avr:attiny1634:LTO=disable,clock=12external,eesave=disable,bod=2v7,neopixelport=portb,millis=enabled	1.6.9	3182	167	1	false	0	0		0	
2020-07-21 04:55:44	392	392.153	https://travis-ci.org/SpenceKonde/ATTinyCore/jobs/710225406	push		false	master	39b865918fe608b836046eaf454b2588f3297161	b9a98a221531...39b865918fe6	Fix missing linebreak in wiring.c	/home/travis/Arduino/hardware/ATTinyCore/avr/libraries/Wire/examples/master_reader/master_reader.ino	ATTinyCore:avr:attiny1634:LTO=disable,clock=12external,eesave=disable,bod=2v7,neopixelport=portb,millis=enabled	1.6.9	3372	169	0	false	0	0		0	
2020-07-21 04:55:48	392	392.153	https://travis-ci.org/SpenceKonde/ATTinyCore/jobs/710225406	push		false	master	39b865918fe608b836046eaf454b2588f3297161	b9a98a221531...39b865918fe6	Fix missing linebreak in wiring.c	/home/travis/Arduino/hardware/ATTinyCore/avr/libraries/Wire/examples/slave_sender/slave_sender.ino	ATTinyCore:avr:attiny1634:LTO=disable,clock=12external,eesave=disable,bod=2v7,neopixelport=portb,millis=enabled	1.6.9	1606	65	0	false	0	0		0	
2020-07-21 04:55:52	392	392.153	https://travis-ci.org/SpenceKonde/ATTinyCore/jobs/710225406	push		false	master	39b865918fe608b836046eaf454b2588f3297161	b9a98a221531...39b865918fe6	Fix missing linebreak in wiring.c	/home/travis/Arduino/hardware/ATTinyCore/avr/libraries/Servo_ATTinyCore/examples/Knob/Knob.ino	ATTinyCore:avr:attiny1634:LTO=disable,clock=12external,eesave=disable,bod=2v7,neopixelport=portb,millis=enabled	1.6.9	2950	59	2	false	0	0		0	
2020-07-21 04:55:56	392	392.153	https://travis-ci.org/SpenceKonde/ATTinyCore/jobs/710225406	push		false	master	39b865918fe608b836046eaf454b2588f3297161	b9a98a221531...39b865918fe6	Fix missing linebreak in wiring.c	/home/travis/Arduino/hardware/ATTinyCore/avr/libraries/Servo_ATTinyCore/examples/Sweep/Sweep.ino	ATTinyCore:avr:attiny1634:LTO=disable,clock=12external,eesave=disable,bod=2v7,neopixelport=portb,millis=enabled	1.6.9	2894	56	2	false	0	0		0	
2020-07-21 04:56:03	392	392.153	https://travis-ci.org/SpenceKonde/ATTinyCore/jobs/710225406	push		false	master	39b865918fe608b836046eaf454b2588f3297161	b9a98a221531...39b865918fe6	Fix missing linebreak in wiring.c	/home/travis/Arduino/hardware/ATTinyCore/avr/libraries/SoftwareSerial/examples/SoftwareSerialExample/SoftwareSerialExample.ino	ATTinyCore:avr:attiny1634:LTO=disable,clock=12external,eesave=disable,bod=2v7,neopixelport=portb,millis=enabled	1.6.13	3710	265	9	false	0	0		0	
2020-07-21 04:56:07	392	392.153	https://travis-ci.org/SpenceKonde/ATTinyCore/jobs/710225406	push		false	master	39b865918fe608b836046eaf454b2588f3297161	b9a98a221531...39b865918fe6	Fix missing linebreak in wiring.c	/home/travis/Arduino/hardware/ATTinyCore/avr/libraries/SoftwareSerial/examples/TwoPortReceive/TwoPortReceive.ino	ATTinyCore:avr:attiny1634:LTO=disable,clock=12external,eesave=disable,bod=2v7,neopixelport=portb,millis=enabled	1.6.13	3796	306	9	false	0	0		0	
2020-07-21 04:56:12	392	392.153	https://travis-ci.org/SpenceKonde/ATTinyCore/jobs/710225406	push		false	master	39b865918fe608b836046eaf454b2588f3297161	b9a98a221531...39b865918fe6	Fix missing linebreak in wiring.c	/home/travis/Arduino/hardware/ATTinyCore/avr/libraries/tinyNeoPixel/examples/strandtest/strandtest.ino	ATTinyCore:avr:attiny1634:LTO=disable,clock=12external,eesave=disable,bod=2v7,neopixelport=portb,millis=enabled	1.6.13	3834	39	0	false	0	0		0	
2020-07-21 04:56:16	392	392.153	https://travis-ci.org/SpenceKonde/ATTinyCore/jobs/710225406	push		false	master	39b865918fe608b836046eaf454b2588f3297161	b9a98a221531...39b865918fe6	Fix missing linebreak in wiring.c	/home/travis/Arduino/hardware/ATTinyCore/avr/libraries/tinyNeoPixel/examples/buttoncycler/buttoncycler.ino	ATTinyCore:avr:attiny1634:LTO=disable,clock=12external,eesave=disable,bod=2v7,neopixelport=portb,millis=enabled	1.6.13	2868	41	0	false	0	0		0	
2020-07-21 04:56:20	392	392.153	https://travis-ci.org/SpenceKonde/ATTinyCore/jobs/710225406	push		false	master	39b865918fe608b836046eaf454b2588f3297161	b9a98a221531...39b865918fe6	Fix missing linebreak in wiring.c	/home/travis/Arduino/hardware/ATTinyCore/avr/libraries/tinyNeoPixel/examples/RGBWstrandtest/RGBWstrandtest.ino	ATTinyCore:avr:attiny1634:LTO=disable,clock=12external,eesave=disable,bod=2v7,neopixelport=portb,millis=enabled	1.6.13	7014	410	6	false	0	0		0	
2020-07-21 04:56:24	392	392.153	https://travis-ci.org/SpenceKonde/ATTinyCore/jobs/710225406	push		false	master	39b865918fe608b836046eaf454b2588f3297161	b9a98a221531...39b865918fe6	Fix missing linebreak in wiring.c	/home/travis/Arduino/hardware/ATTinyCore/avr/libraries/tinyNeoPixel/examples/simple/simple.ino	ATTinyCore:avr:attiny1634:LTO=disable,clock=12external,eesave=disable,bod=2v7,neopixelport=portb,millis=enabled	1.6.13	2868	41	0	false	0	0		0	
2020-07-21 04:56:28	392	392.153	https://travis-ci.org/SpenceKonde/ATTinyCore/jobs/710225406	push		false	master	39b865918fe608b836046eaf454b2588f3297161	b9a98a221531...39b865918fe6	Fix missing linebreak in wiring.c	/home/travis/Arduino/hardware/ATTinyCore/avr/libraries/Servo/examples/Knob/Knob.ino	ATTinyCore:avr:attiny1634:LTO=disable,clock=12external,eesave=disable,bod=2v7,neopixelport=portb,millis=enabled	1.6.13	2916	59	2	false	0	0		0	
2020-07-21 04:56:32	392	392.153	https://travis-ci.org/SpenceKonde/ATTinyCore/jobs/710225406	push		false	master	39b865918fe608b836046eaf454b2588f3297161	b9a98a221531...39b865918fe6	Fix missing linebreak in wiring.c	/home/travis/Arduino/hardware/ATTinyCore/avr/libraries/Servo/examples/Sweep/Sweep.ino	ATTinyCore:avr:attiny1634:LTO=disable,clock=12external,eesave=disable,bod=2v7,neopixelport=portb,millis=enabled	1.6.13	2862	56	2	false	0	0		0	
2020-07-21 04:56:36	392	392.153	https://travis-ci.org/SpenceKonde/ATTinyCore/jobs/710225406	push		false	master	39b865918fe608b836046eaf454b2588f3297161	b9a98a221531...39b865918fe6	Fix missing linebreak in wiring.c	/home/travis/Arduino/hardware/ATTinyCore/avr/libraries/EEPROM/examples/eeprom_get/eeprom_get.ino	ATTinyCore:avr:attiny1634:LTO=disable,clock=12external,eesave=disable,bod=2v7,neopixelport=portb,millis=enabled	1.6.13	4068	192	0	false	0	0		0	
2020-07-21 04:56:41	392	392.153	https://travis-ci.org/SpenceKonde/ATTinyCore/jobs/710225406	push		false	master	39b865918fe608b836046eaf454b2588f3297161	b9a98a221531...39b865918fe6	Fix missing linebreak in wiring.c	/home/travis/Arduino/hardware/ATTinyCore/avr/libraries/EEPROM/examples/eeprom_crc/eeprom_crc.ino	ATTinyCore:avr:attiny1634:LTO=disable,clock=12external,eesave=disable,bod=2v7,neopixelport=portb,millis=enabled	1.6.13	2408	234	1	false	0	0		0	
2020-07-21 04:56:45	392	392.153	https://travis-ci.org/SpenceKonde/ATTinyCore/jobs/710225406	push		false	master	39b865918fe608b836046eaf454b2588f3297161	b9a98a221531...39b865918fe6	Fix missing linebreak in wiring.c	/home/travis/Arduino/hardware/ATTinyCore/avr/libraries/EEPROM/examples/eeprom_read/eeprom_read.ino	ATTinyCore:avr:attiny1634:LTO=disable,clock=12external,eesave=disable,bod=2v7,neopixelport=portb,millis=enabled	1.6.13	2376	125	1	false	0	0		0	
2020-07-21 04:56:49	392	392.153	https://travis-ci.org/SpenceKonde/ATTinyCore/jobs/710225406	push		false	master	39b865918fe608b836046eaf454b2588f3297161	b9a98a221531...39b865918fe6	Fix missing linebreak in wiring.c	/home/travis/Arduino/hardware/ATTinyCore/avr/libraries/EEPROM/examples/eeprom_clear/eeprom_clear.ino	ATTinyCore:avr:attiny1634:LTO=disable,clock=12external,eesave=disable,bod=2v7,neopixelport=portb,millis=enabled	1.6.13	854	9	1	false	0	0		0	
2020-07-21 04:56:53	392	392.153	https://travis-ci.org/SpenceKonde/ATTinyCore/jobs/710225406	push		false	master	39b865918fe608b836046eaf454b2588f3297161	b9a98a221531...39b865918fe6	Fix missing linebreak in wiring.c	/home/travis/Arduino/hardware/ATTinyCore/avr/libraries/EEPROM/examples/eeprom_write/eeprom_write.ino	ATTinyCore:avr:attiny1634:LTO=disable,clock=12external,eesave=disable,bod=2v7,neopixelport=portb,millis=enabled	1.6.13	788	12	0	false	0	0		0	
2020-07-21 04:56:57	392	392.153	https://travis-ci.org/SpenceKonde/ATTinyCore/jobs/710225406	push		false	master	39b865918fe608b836046eaf454b2588f3297161	b9a98a221531...39b865918fe6	Fix missing linebreak in wiring.c	/home/travis/Arduino/hardware/ATTinyCore/avr/libraries/EEPROM/examples/eeprom_iteration/eeprom_iteration.ino	ATTinyCore:avr:attiny1634:LTO=disable,clock=12external,eesave=disable,bod=2v7,neopixelport=portb,millis=enabled	1.6.13	620	9	3	false	0	0		0	
2020-07-21 04:57:01	392	392.153	https://travis-ci.org/SpenceKonde/ATTinyCore/jobs/710225406	push		false	master	39b865918fe608b836046eaf454b2588f3297161	b9a98a221531...39b865918fe6	Fix missing linebreak in wiring.c	/home/travis/Arduino/hardware/ATTinyCore/avr/libraries/EEPROM/examples/eeprom_update/eeprom_update.ino	ATTinyCore:avr:attiny1634:LTO=disable,clock=12external,eesave=disable,bod=2v7,neopixelport=portb,millis=enabled	1.6.13	838	12	1	false	0	0		0	
2020-07-21 04:57:05	392	392.153	https://travis-ci.org/SpenceKonde/ATTinyCore/jobs/710225406	push		false	master	39b865918fe608b836046eaf454b2588f3297161	b9a98a221531...39b865918fe6	Fix missing linebreak in wiring.c	/home/travis/Arduino/hardware/ATTinyCore/avr/libraries/EEPROM/examples/eeprom_put/eeprom_put.ino	ATTinyCore:avr:attiny1634:LTO=disable,clock=12external,eesave=disable,bod=2v7,neopixelport=portb,millis=enabled	1.6.13	2084	264	0	false	0	0		0	
2020-07-21 04:57:09	392	392.153	https://travis-ci.org/SpenceKonde/ATTinyCore/jobs/710225406	push		false	master	39b865918fe608b836046eaf454b2588f3297161	b9a98a221531...39b865918fe6	Fix missing linebreak in wiring.c	/home/travis/Arduino/hardware/ATTinyCore/avr/libraries/ATTinyCore/examples/TemperatureRead/TemperatureRead.ino	ATTinyCore:avr:attiny1634:LTO=disable,clock=12external,eesave=disable,bod=2v7,neopixelport=portb,millis=enabled	1.6.13	2342	127	0	false	0	0		0	
2020-07-21 04:57:13	392	392.153	https://travis-ci.org/SpenceKonde/ATTinyCore/jobs/710225406	push		false	master	39b865918fe608b836046eaf454b2588f3297161	b9a98a221531...39b865918fe6	Fix missing linebreak in wiring.c	/home/travis/Arduino/hardware/ATTinyCore/avr/libraries/tinyNeoPixel_Static/examples/strandtest/strandtest.ino	ATTinyCore:avr:attiny1634:LTO=disable,clock=12external,eesave=disable,bod=2v7,neopixelport=portb,millis=enabled	1.6.13	2820	208	5	false	0	0		0	
2020-07-21 04:57:18	392	392.153	https://travis-ci.org/SpenceKonde/ATTinyCore/jobs/710225406	push		false	master	39b865918fe608b836046eaf454b2588f3297161	b9a98a221531...39b865918fe6	Fix missing linebreak in wiring.c	/home/travis/Arduino/hardware/ATTinyCore/avr/libraries/tinyNeoPixel_Static/examples/buttoncycler/buttoncycler.ino	ATTinyCore:avr:attiny1634:LTO=disable,clock=12external,eesave=disable,bod=2v7,neopixelport=portb,millis=enabled	1.6.13	3032	80	5	false	0	0		0	
2020-07-21 04:57:22	392	392.153	https://travis-ci.org/SpenceKonde/ATTinyCore/jobs/710225406	push		false	master	39b865918fe608b836046eaf454b2588f3297161	b9a98a221531...39b865918fe6	Fix missing linebreak in wiring.c	/home/travis/Arduino/hardware/ATTinyCore/avr/libraries/tinyNeoPixel_Static/examples/simple/simple.ino	ATTinyCore:avr:attiny1634:LTO=disable,clock=12external,eesave=disable,bod=2v7,neopixelport=portb,millis=enabled	1.6.13	1886	78	1	false	0	0		0	
2020-07-21 04:57:26	392	392.153	https://travis-ci.org/SpenceKonde/ATTinyCore/jobs/710225406	push		false	master	39b865918fe608b836046eaf454b2588f3297161	b9a98a221531...39b865918fe6	Fix missing linebreak in wiring.c	/home/travis/Arduino/hardware/ATTinyCore/avr/libraries/SPI/examples/BarometricPressureSensor/BarometricPressureSensor.ino	ATTinyCore:avr:attiny1634:LTO=disable,clock=12external,eesave=disable,bod=2v7,neopixelport=portb,millis=enabled	1.6.13	7042	175	1	false	0	0		0	
2020-07-21 04:57:30	392	392.153	https://travis-ci.org/SpenceKonde/ATTinyCore/jobs/710225406	push		false	master	39b865918fe608b836046eaf454b2588f3297161	b9a98a221531...39b865918fe6	Fix missing linebreak in wiring.c	/home/travis/Arduino/hardware/ATTinyCore/avr/libraries/SPI/examples/DigitalPotControl/DigitalPotControl.ino	ATTinyCore:avr:attiny1634:LTO=disable,clock=12external,eesave=disable,bod=2v7,neopixelport=portb,millis=enabled	1.6.13	1494	14	0	false	0	0		0	
2020-07-21 04:57:35	392	392.153	https://travis-ci.org/SpenceKonde/ATTinyCore/jobs/710225406	push		false	master	39b865918fe608b836046eaf454b2588f3297161	b9a98a221531...39b865918fe6	Fix missing linebreak in wiring.c	/home/travis/Arduino/hardware/ATTinyCore/avr/libraries/Wire/examples/SFRRanger_reader/SFRRanger_reader.ino	ATTinyCore:avr:attiny1634:LTO=disable,clock=12external,eesave=disable,bod=2v7,neopixelport=portb,millis=enabled	1.6.13	3872	171	0	false	0	0		0	
2020-07-21 04:57:39	392	392.153	https://travis-ci.org/SpenceKonde/ATTinyCore/jobs/710225406	push		false	master	39b865918fe608b836046eaf454b2588f3297161	b9a98a221531...39b865918fe6	Fix missing linebreak in wiring.c	/home/travis/Arduino/hardware/ATTinyCore/avr/libraries/Wire/examples/master_writer/master_writer.ino	ATTinyCore:avr:attiny1634:LTO=disable,clock=12external,eesave=disable,bod=2v7,neopixelport=portb,millis=enabled	1.6.13	1950	65	0	false	0	0		0	
2020-07-21 04:57:43	392	392.153	https://travis-ci.org/SpenceKonde/ATTinyCore/jobs/710225406	push		false	master	39b865918fe608b836046eaf454b2588f3297161	b9a98a221531...39b865918fe6	Fix missing linebreak in wiring.c	/home/travis/Arduino/hardware/ATTinyCore/avr/libraries/Wire/examples/digital_potentiometer/digital_potentiometer.ino	ATTinyCore:avr:attiny1634:LTO=disable,clock=12external,eesave=disable,bod=2v7,neopixelport=portb,millis=enabled	1.6.13	1850	59	0	false	0	0		0	
2020-07-21 04:57:48	392	392.153	https://travis-ci.org/SpenceKonde/ATTinyCore/jobs/710225406	push		false	master	39b865918fe608b836046eaf454b2588f3297161	b9a98a221531...39b865918fe6	Fix missing linebreak in wiring.c	/home/travis/Arduino/hardware/ATTinyCore/avr/libraries/Wire/examples/slave_receiver/slave_receiver.ino	ATTinyCore:avr:attiny1634:LTO=disable,clock=12external,eesave=disable,bod=2v7,neopixelport=portb,millis=enabled	1.6.13	3072	167	1	false	0	0		0	
2020-07-21 04:57:52	392	392.153	https://travis-ci.org/SpenceKonde/ATTinyCore/jobs/710225406	push		false	master	39b865918fe608b836046eaf454b2588f3297161	b9a98a221531...39b865918fe6	Fix missing linebreak in wiring.c	/home/travis/Arduino/hardware/ATTinyCore/avr/libraries/Wire/examples/master_reader/master_reader.ino	ATTinyCore:avr:attiny1634:LTO=disable,clock=12external,eesave=disable,bod=2v7,neopixelport=portb,millis=enabled	1.6.13	3260	169	0	false	0	0		0	
2020-07-21 04:57:56	392	392.153	https://travis-ci.org/SpenceKonde/ATTinyCore/jobs/710225406	push		false	master	39b865918fe608b836046eaf454b2588f3297161	b9a98a221531...39b865918fe6	Fix missing linebreak in wiring.c	/home/travis/Arduino/hardware/ATTinyCore/avr/libraries/Wire/examples/slave_sender/slave_sender.ino	ATTinyCore:avr:attiny1634:LTO=disable,clock=12external,eesave=disable,bod=2v7,neopixelport=portb,millis=enabled	1.6.13	1584	65	0	false	0	0		0	
2020-07-21 04:58:00	392	392.153	https://travis-ci.org/SpenceKonde/ATTinyCore/jobs/710225406	push		false	master	39b865918fe608b836046eaf454b2588f3297161	b9a98a221531...39b865918fe6	Fix missing linebreak in wiring.c	/home/travis/Arduino/hardware/ATTinyCore/avr/libraries/Servo_ATTinyCore/examples/Knob/Knob.ino	ATTinyCore:avr:attiny1634:LTO=disable,clock=12external,eesave=disable,bod=2v7,neopixelport=portb,millis=enabled	1.6.13	2916	59	2	false	0	0		0	
2020-07-21 04:58:04	392	392.153	https://travis-ci.org/SpenceKonde/ATTinyCore/jobs/710225406	push		false	master	39b865918fe608b836046eaf454b2588f3297161	b9a98a221531...39b865918fe6	Fix missing linebreak in wiring.c	/home/travis/Arduino/hardware/ATTinyCore/avr/libraries/Servo_ATTinyCore/examples/Sweep/Sweep.ino	ATTinyCore:avr:attiny1634:LTO=disable,clock=12external,eesave=disable,bod=2v7,neopixelport=portb,millis=enabled	1.6.13	2862	56	2	false	0	0		0	
2020-07-21 04:58:09	392	392.153	https://travis-ci.org/SpenceKonde/ATTinyCore/jobs/710225406	push		false	master	39b865918fe608b836046eaf454b2588f3297161	b9a98a221531...39b865918fe6	Fix missing linebreak in wiring.c	/home/travis/Arduino/hardware/ATTinyCore/avr/libraries/SoftwareSerial/examples/SoftwareSerialExample/SoftwareSerialExample.ino	ATTinyCore:avr:attiny1634:LTO=disable,clock=12external,eesave=disable,bod=2v7,neopixelport=portb,millis=enabled	1.8.6	3670	265	9	false	0	0		0	
2020-07-21 04:58:12	392	392.153	https://travis-ci.org/SpenceKonde/ATTinyCore/jobs/710225406	push		false	master	39b865918fe608b836046eaf454b2588f3297161	b9a98a221531...39b865918fe6	Fix missing linebreak in wiring.c	/home/travis/Arduino/hardware/ATTinyCore/avr/libraries/SoftwareSerial/examples/TwoPortReceive/TwoPortReceive.ino	ATTinyCore:avr:attiny1634:LTO=disable,clock=12external,eesave=disable,bod=2v7,neopixelport=portb,millis=enabled	1.8.6	3756	306	9	false	0	0		0	
2020-07-21 04:58:15	392	392.153	https://travis-ci.org/SpenceKonde/ATTinyCore/jobs/710225406	push		false	master	39b865918fe608b836046eaf454b2588f3297161	b9a98a221531...39b865918fe6	Fix missing linebreak in wiring.c	/home/travis/Arduino/hardware/ATTinyCore/avr/libraries/tinyNeoPixel/examples/strandtest/strandtest.ino	ATTinyCore:avr:attiny1634:LTO=disable,clock=12external,eesave=disable,bod=2v7,neopixelport=portb,millis=enabled	1.8.6	3790	39	0	false	0	0		0	
2020-07-21 04:58:17	392	392.153	https://travis-ci.org/SpenceKonde/ATTinyCore/jobs/710225406	push		false	master	39b865918fe608b836046eaf454b2588f3297161	b9a98a221531...39b865918fe6	Fix missing linebreak in wiring.c	/home/travis/Arduino/hardware/ATTinyCore/avr/libraries/tinyNeoPixel/examples/buttoncycler/buttoncycler.ino	ATTinyCore:avr:attiny1634:LTO=disable,clock=12external,eesave=disable,bod=2v7,neopixelport=portb,millis=enabled	1.8.6	2824	41	0	false	0	0		0	
2020-07-21 04:58:20	392	392.153	https://travis-ci.org/SpenceKonde/ATTinyCore/jobs/710225406	push		false	master	39b865918fe608b836046eaf454b2588f3297161	b9a98a221531...39b865918fe6	Fix missing linebreak in wiring.c	/home/travis/Arduino/hardware/ATTinyCore/avr/libraries/tinyNeoPixel/examples/RGBWstrandtest/RGBWstrandtest.ino	ATTinyCore:avr:attiny1634:LTO=disable,clock=12external,eesave=disable,bod=2v7,neopixelport=portb,millis=enabled	1.8.6	6978	410	6	false	0	0		0	
2020-07-21 04:58:23	392	392.153	https://travis-ci.org/SpenceKonde/ATTinyCore/jobs/710225406	push		false	master	39b865918fe608b836046eaf454b2588f3297161	b9a98a221531...39b865918fe6	Fix missing linebreak in wiring.c	/home/travis/Arduino/hardware/ATTinyCore/avr/libraries/tinyNeoPixel/examples/simple/simple.ino	ATTinyCore:avr:attiny1634:LTO=disable,clock=12external,eesave=disable,bod=2v7,neopixelport=portb,millis=enabled	1.8.6	2824	41	0	false	0	0		0	
2020-07-21 04:58:25	392	392.153	https://travis-ci.org/SpenceKonde/ATTinyCore/jobs/710225406	push		false	master	39b865918fe608b836046eaf454b2588f3297161	b9a98a221531...39b865918fe6	Fix missing linebreak in wiring.c	/home/travis/Arduino/hardware/ATTinyCore/avr/libraries/Servo/examples/Knob/Knob.ino	ATTinyCore:avr:attiny1634:LTO=disable,clock=12external,eesave=disable,bod=2v7,neopixelport=portb,millis=enabled	1.8.6	2706	55	2	false	0	0		0	
2020-07-21 04:58:28	392	392.153	https://travis-ci.org/SpenceKonde/ATTinyCore/jobs/710225406	push		false	master	39b865918fe608b836046eaf454b2588f3297161	b9a98a221531...39b865918fe6	Fix missing linebreak in wiring.c	/home/travis/Arduino/hardware/ATTinyCore/avr/libraries/Servo/examples/Sweep/Sweep.ino	ATTinyCore:avr:attiny1634:LTO=disable,clock=12external,eesave=disable,bod=2v7,neopixelport=portb,millis=enabled	1.8.6	2652	52	2	false	0	0		0	
2020-07-21 04:58:30	392	392.153	https://travis-ci.org/SpenceKonde/ATTinyCore/jobs/710225406	push		false	master	39b865918fe608b836046eaf454b2588f3297161	b9a98a221531...39b865918fe6	Fix missing linebreak in wiring.c	/home/travis/Arduino/hardware/ATTinyCore/avr/libraries/EEPROM/examples/eeprom_get/eeprom_get.ino	ATTinyCore:avr:attiny1634:LTO=disable,clock=12external,eesave=disable,bod=2v7,neopixelport=portb,millis=enabled	1.8.6	4066	192	0	false	0	0		0	
2020-07-21 04:58:33	392	392.153	https://travis-ci.org/SpenceKonde/ATTinyCore/jobs/710225406	push		false	master	39b865918fe608b836046eaf454b2588f3297161	b9a98a221531...39b865918fe6	Fix missing linebreak in wiring.c	/home/travis/Arduino/hardware/ATTinyCore/avr/libraries/EEPROM/examples/eeprom_crc/eeprom_crc.ino	ATTinyCore:avr:attiny1634:LTO=disable,clock=12external,eesave=disable,bod=2v7,neopixelport=portb,millis=enabled	1.8.6	2410	234	1	false	0	0		0	
2020-07-21 04:58:35	392	392.153	https://travis-ci.org/SpenceKonde/ATTinyCore/jobs/710225406	push		false	master	39b865918fe608b836046eaf454b2588f3297161	b9a98a221531...39b865918fe6	Fix missing linebreak in wiring.c	/home/travis/Arduino/hardware/ATTinyCore/avr/libraries/EEPROM/examples/eeprom_read/eeprom_read.ino	ATTinyCore:avr:attiny1634:LTO=disable,clock=12external,eesave=disable,bod=2v7,neopixelport=portb,millis=enabled	1.8.6	2372	125	1	false	0	0		0	
2020-07-21 04:58:38	392	392.153	https://travis-ci.org/SpenceKonde/ATTinyCore/jobs/710225406	push		false	master	39b865918fe608b836046eaf454b2588f3297161	b9a98a221531...39b865918fe6	Fix missing linebreak in wiring.c	/home/travis/Arduino/hardware/ATTinyCore/avr/libraries/EEPROM/examples/eeprom_clear/eeprom_clear.ino	ATTinyCore:avr:attiny1634:LTO=disable,clock=12external,eesave=disable,bod=2v7,neopixelport=portb,millis=enabled	1.8.6	856	9	1	false	0	0		0	
2020-07-21 04:58:41	392	392.153	https://travis-ci.org/SpenceKonde/ATTinyCore/jobs/710225406	push		false	master	39b865918fe608b836046eaf454b2588f3297161	b9a98a221531...39b865918fe6	Fix missing linebreak in wiring.c	/home/travis/Arduino/hardware/ATTinyCore/avr/libraries/EEPROM/examples/eeprom_write/eeprom_write.ino	ATTinyCore:avr:attiny1634:LTO=disable,clock=12external,eesave=disable,bod=2v7,neopixelport=portb,millis=enabled	1.8.6	788	12	0	false	0	0		0	
2020-07-21 04:58:43	392	392.153	https://travis-ci.org/SpenceKonde/ATTinyCore/jobs/710225406	push		false	master	39b865918fe608b836046eaf454b2588f3297161	b9a98a221531...39b865918fe6	Fix missing linebreak in wiring.c	/home/travis/Arduino/hardware/ATTinyCore/avr/libraries/EEPROM/examples/eeprom_iteration/eeprom_iteration.ino	ATTinyCore:avr:attiny1634:LTO=disable,clock=12external,eesave=disable,bod=2v7,neopixelport=portb,millis=enabled	1.8.6	608	9	3	false	0	0		0	
2020-07-21 04:58:46	392	392.153	https://travis-ci.org/SpenceKonde/ATTinyCore/jobs/710225406	push		false	master	39b865918fe608b836046eaf454b2588f3297161	b9a98a221531...39b865918fe6	Fix missing linebreak in wiring.c	/home/travis/Arduino/hardware/ATTinyCore/avr/libraries/EEPROM/examples/eeprom_update/eeprom_update.ino	ATTinyCore:avr:attiny1634:LTO=disable,clock=12external,eesave=disable,bod=2v7,neopixelport=portb,millis=enabled	1.8.6	838	12	1	false	0	0		0	
2020-07-21 04:58:48	392	392.153	https://travis-ci.org/SpenceKonde/ATTinyCore/jobs/710225406	push		false	master	39b865918fe608b836046eaf454b2588f3297161	b9a98a221531...39b865918fe6	Fix missing linebreak in wiring.c	/home/travis/Arduino/hardware/ATTinyCore/avr/libraries/EEPROM/examples/eeprom_put/eeprom_put.ino	ATTinyCore:avr:attiny1634:LTO=disable,clock=12external,eesave=disable,bod=2v7,neopixelport=portb,millis=enabled	1.8.6	2060	264	0	false	0	0		0	
2020-07-21 04:58:51	392	392.153	https://travis-ci.org/SpenceKonde/ATTinyCore/jobs/710225406	push		false	master	39b865918fe608b836046eaf454b2588f3297161	b9a98a221531...39b865918fe6	Fix missing linebreak in wiring.c	/home/travis/Arduino/hardware/ATTinyCore/avr/libraries/ATTinyCore/examples/TemperatureRead/TemperatureRead.ino	ATTinyCore:avr:attiny1634:LTO=disable,clock=12external,eesave=disable,bod=2v7,neopixelport=portb,millis=enabled	1.8.6	2342	127	0	false	0	0		0	
2020-07-21 04:58:53	392	392.153	https://travis-ci.org/SpenceKonde/ATTinyCore/jobs/710225406	push		false	master	39b865918fe608b836046eaf454b2588f3297161	b9a98a221531...39b865918fe6	Fix missing linebreak in wiring.c	/home/travis/Arduino/hardware/ATTinyCore/avr/libraries/tinyNeoPixel_Static/examples/strandtest/strandtest.ino	ATTinyCore:avr:attiny1634:LTO=disable,clock=12external,eesave=disable,bod=2v7,neopixelport=portb,millis=enabled	1.8.6	2816	208	5	false	0	0		0	
2020-07-21 04:58:56	392	392.153	https://travis-ci.org/SpenceKonde/ATTinyCore/jobs/710225406	push		false	master	39b865918fe608b836046eaf454b2588f3297161	b9a98a221531...39b865918fe6	Fix missing linebreak in wiring.c	/home/travis/Arduino/hardware/ATTinyCore/avr/libraries/tinyNeoPixel_Static/examples/buttoncycler/buttoncycler.ino	ATTinyCore:avr:attiny1634:LTO=disable,clock=12external,eesave=disable,bod=2v7,neopixelport=portb,millis=enabled	1.8.6	3042	80	5	false	0	0		0	
2020-07-21 04:58:59	392	392.153	https://travis-ci.org/SpenceKonde/ATTinyCore/jobs/710225406	push		false	master	39b865918fe608b836046eaf454b2588f3297161	b9a98a221531...39b865918fe6	Fix missing linebreak in wiring.c	/home/travis/Arduino/hardware/ATTinyCore/avr/libraries/tinyNeoPixel_Static/examples/simple/simple.ino	ATTinyCore:avr:attiny1634:LTO=disable,clock=12external,eesave=disable,bod=2v7,neopixelport=portb,millis=enabled	1.8.6	1882	78	1	false	0	0		0	
2020-07-21 04:59:01	392	392.153	https://travis-ci.org/SpenceKonde/ATTinyCore/jobs/710225406	push		false	master	39b865918fe608b836046eaf454b2588f3297161	b9a98a221531...39b865918fe6	Fix missing linebreak in wiring.c	/home/travis/Arduino/hardware/ATTinyCore/avr/libraries/SPI/examples/BarometricPressureSensor/BarometricPressureSensor.ino	ATTinyCore:avr:attiny1634:LTO=disable,clock=12external,eesave=disable,bod=2v7,neopixelport=portb,millis=enabled	1.8.6	6982	175	1	false	0	0		0	
2020-07-21 04:59:04	392	392.153	https://travis-ci.org/SpenceKonde/ATTinyCore/jobs/710225406	push		false	master	39b865918fe608b836046eaf454b2588f3297161	b9a98a221531...39b865918fe6	Fix missing linebreak in wiring.c	/home/travis/Arduino/hardware/ATTinyCore/avr/libraries/SPI/examples/DigitalPotControl/DigitalPotControl.ino	ATTinyCore:avr:attiny1634:LTO=disable,clock=12external,eesave=disable,bod=2v7,neopixelport=portb,millis=enabled	1.8.6	1482	14	0	false	0	0		0	
2020-07-21 04:59:07	392	392.153	https://travis-ci.org/SpenceKonde/ATTinyCore/jobs/710225406	push		false	master	39b865918fe608b836046eaf454b2588f3297161	b9a98a221531...39b865918fe6	Fix missing linebreak in wiring.c	/home/travis/Arduino/hardware/ATTinyCore/avr/libraries/Wire/examples/SFRRanger_reader/SFRRanger_reader.ino	ATTinyCore:avr:attiny1634:LTO=disable,clock=12external,eesave=disable,bod=2v7,neopixelport=portb,millis=enabled	1.8.6	3872	171	0	false	0	0		0	
2020-07-21 04:59:09	392	392.153	https://travis-ci.org/SpenceKonde/ATTinyCore/jobs/710225406	push		false	master	39b865918fe608b836046eaf454b2588f3297161	b9a98a221531...39b865918fe6	Fix missing linebreak in wiring.c	/home/travis/Arduino/hardware/ATTinyCore/avr/libraries/Wire/examples/master_writer/master_writer.ino	ATTinyCore:avr:attiny1634:LTO=disable,clock=12external,eesave=disable,bod=2v7,neopixelport=portb,millis=enabled	1.8.6	1950	65	0	false	0	0		0	
2020-07-21 04:59:12	392	392.153	https://travis-ci.org/SpenceKonde/ATTinyCore/jobs/710225406	push		false	master	39b865918fe608b836046eaf454b2588f3297161	b9a98a221531...39b865918fe6	Fix missing linebreak in wiring.c	/home/travis/Arduino/hardware/ATTinyCore/avr/libraries/Wire/examples/digital_potentiometer/digital_potentiometer.ino	ATTinyCore:avr:attiny1634:LTO=disable,clock=12external,eesave=disable,bod=2v7,neopixelport=portb,millis=enabled	1.8.6	1850	59	0	false	0	0		0	
2020-07-21 04:59:15	392	392.153	https://travis-ci.org/SpenceKonde/ATTinyCore/jobs/710225406	push		false	master	39b865918fe608b836046eaf454b2588f3297161	b9a98a221531...39b865918fe6	Fix missing linebreak in wiring.c	/home/travis/Arduino/hardware/ATTinyCore/avr/libraries/Wire/examples/slave_receiver/slave_receiver.ino	ATTinyCore:avr:attiny1634:LTO=disable,clock=12external,eesave=disable,bod=2v7,neopixelport=portb,millis=enabled	1.8.6	3058	167	1	false	0	0		0	
2020-07-21 04:59:18	392	392.153	https://travis-ci.org/SpenceKonde/ATTinyCore/jobs/710225406	push		false	master	39b865918fe608b836046eaf454b2588f3297161	b9a98a221531...39b865918fe6	Fix missing linebreak in wiring.c	/home/travis/Arduino/hardware/ATTinyCore/avr/libraries/Wire/examples/master_reader/master_reader.ino	ATTinyCore:avr:attiny1634:LTO=disable,clock=12external,eesave=disable,bod=2v7,neopixelport=portb,millis=enabled	1.8.6	3260	169	0	false	0	0		0	
2020-07-21 04:59:20	392	392.153	https://travis-ci.org/SpenceKonde/ATTinyCore/jobs/710225406	push		false	master	39b865918fe608b836046eaf454b2588f3297161	b9a98a221531...39b865918fe6	Fix missing linebreak in wiring.c	/home/travis/Arduino/hardware/ATTinyCore/avr/libraries/Wire/examples/slave_sender/slave_sender.ino	ATTinyCore:avr:attiny1634:LTO=disable,clock=12external,eesave=disable,bod=2v7,neopixelport=portb,millis=enabled	1.8.6	1570	65	0	false	0	0		0	
2020-07-21 04:59:23	392	392.153	https://travis-ci.org/SpenceKonde/ATTinyCore/jobs/710225406	push		false	master	39b865918fe608b836046eaf454b2588f3297161	b9a98a221531...39b865918fe6	Fix missing linebreak in wiring.c	/home/travis/Arduino/hardware/ATTinyCore/avr/libraries/Servo_ATTinyCore/examples/Knob/Knob.ino	ATTinyCore:avr:attiny1634:LTO=disable,clock=12external,eesave=disable,bod=2v7,neopixelport=portb,millis=enabled	1.8.6	2706	55	2	false	0	0		0	
2020-07-21 04:59:25	392	392.153	https://travis-ci.org/SpenceKonde/ATTinyCore/jobs/710225406	push		false	master	39b865918fe608b836046eaf454b2588f3297161	b9a98a221531...39b865918fe6	Fix missing linebreak in wiring.c	/home/travis/Arduino/hardware/ATTinyCore/avr/libraries/Servo_ATTinyCore/examples/Sweep/Sweep.ino	ATTinyCore:avr:attiny1634:LTO=disable,clock=12external,eesave=disable,bod=2v7,neopixelport=portb,millis=enabled	1.8.6	2652	52	2	false	0	0		0	
2020-07-21 04:59:31	392	392.153	https://travis-ci.org/SpenceKonde/ATTinyCore/jobs/710225406	push		false	master	39b865918fe608b836046eaf454b2588f3297161	b9a98a221531...39b865918fe6	Fix missing linebreak in wiring.c	/home/travis/Arduino/hardware/ATTinyCore/avr/libraries/SoftwareSerial/examples/SoftwareSerialExample/SoftwareSerialExample.ino	ATTinyCore:avr:attiny1634:LTO=disable,clock=12external,eesave=disable,bod=2v7,neopixelport=portb,millis=enabled	1.8.13	3664	265	4	false	0	0		0	
2020-07-21 04:59:35	392	392.153	https://travis-ci.org/SpenceKonde/ATTinyCore/jobs/710225406	push		false	master	39b865918fe608b836046eaf454b2588f3297161	b9a98a221531...39b865918fe6	Fix missing linebreak in wiring.c	/home/travis/Arduino/hardware/ATTinyCore/avr/libraries/SoftwareSerial/examples/TwoPortReceive/TwoPortReceive.ino	ATTinyCore:avr:attiny1634:LTO=disable,clock=12external,eesave=disable,bod=2v7,neopixelport=portb,millis=enabled	1.8.13	3750	306	4	false	0	0		0	
2020-07-21 04:59:38	392	392.153	https://travis-ci.org/SpenceKonde/ATTinyCore/jobs/710225406	push		false	master	39b865918fe608b836046eaf454b2588f3297161	b9a98a221531...39b865918fe6	Fix missing linebreak in wiring.c	/home/travis/Arduino/hardware/ATTinyCore/avr/libraries/tinyNeoPixel/examples/strandtest/strandtest.ino	ATTinyCore:avr:attiny1634:LTO=disable,clock=12external,eesave=disable,bod=2v7,neopixelport=portb,millis=enabled	1.8.13	3760	39	0	false	0	0		0	
2020-07-21 04:59:40	392	392.153	https://travis-ci.org/SpenceKonde/ATTinyCore/jobs/710225406	push		false	master	39b865918fe608b836046eaf454b2588f3297161	b9a98a221531...39b865918fe6	Fix missing linebreak in wiring.c	/home/travis/Arduino/hardware/ATTinyCore/avr/libraries/tinyNeoPixel/examples/buttoncycler/buttoncycler.ino	ATTinyCore:avr:attiny1634:LTO=disable,clock=12external,eesave=disable,bod=2v7,neopixelport=portb,millis=enabled	1.8.13	2814	41	0	false	0	0		0	
2020-07-21 04:59:44	392	392.153	https://travis-ci.org/SpenceKonde/ATTinyCore/jobs/710225406	push		false	master	39b865918fe608b836046eaf454b2588f3297161	b9a98a221531...39b865918fe6	Fix missing linebreak in wiring.c	/home/travis/Arduino/hardware/ATTinyCore/avr/libraries/tinyNeoPixel/examples/RGBWstrandtest/RGBWstrandtest.ino	ATTinyCore:avr:attiny1634:LTO=disable,clock=12external,eesave=disable,bod=2v7,neopixelport=portb,millis=enabled	1.8.13	6928	410	6	false	0	0		0	
2020-07-21 04:59:47	392	392.153	https://travis-ci.org/SpenceKonde/ATTinyCore/jobs/710225406	push		false	master	39b865918fe608b836046eaf454b2588f3297161	b9a98a221531...39b865918fe6	Fix missing linebreak in wiring.c	/home/travis/Arduino/hardware/ATTinyCore/avr/libraries/tinyNeoPixel/examples/simple/simple.ino	ATTinyCore:avr:attiny1634:LTO=disable,clock=12external,eesave=disable,bod=2v7,neopixelport=portb,millis=enabled	1.8.13	2814	41	0	false	0	0		0	
2020-07-21 04:59:50	392	392.153	https://travis-ci.org/SpenceKonde/ATTinyCore/jobs/710225406	push		false	master	39b865918fe608b836046eaf454b2588f3297161	b9a98a221531...39b865918fe6	Fix missing linebreak in wiring.c	/home/travis/Arduino/hardware/ATTinyCore/avr/libraries/Servo/examples/Knob/Knob.ino	ATTinyCore:avr:attiny1634:LTO=disable,clock=12external,eesave=disable,bod=2v7,neopixelport=portb,millis=enabled	1.8.13	2698	55	2	false	0	0		0	
2020-07-21 04:59:53	392	392.153	https://travis-ci.org/SpenceKonde/ATTinyCore/jobs/710225406	push		false	master	39b865918fe608b836046eaf454b2588f3297161	b9a98a221531...39b865918fe6	Fix missing linebreak in wiring.c	/home/travis/Arduino/hardware/ATTinyCore/avr/libraries/Servo/examples/Sweep/Sweep.ino	ATTinyCore:avr:attiny1634:LTO=disable,clock=12external,eesave=disable,bod=2v7,neopixelport=portb,millis=enabled	1.8.13	2644	52	2	false	0	0		0	
2020-07-21 04:59:56	392	392.153	https://travis-ci.org/SpenceKonde/ATTinyCore/jobs/710225406	push		false	master	39b865918fe608b836046eaf454b2588f3297161	b9a98a221531...39b865918fe6	Fix missing linebreak in wiring.c	/home/travis/Arduino/hardware/ATTinyCore/avr/libraries/EEPROM/examples/eeprom_get/eeprom_get.ino	ATTinyCore:avr:attiny1634:LTO=disable,clock=12external,eesave=disable,bod=2v7,neopixelport=portb,millis=enabled	1.8.13	4072	192	0	false	0	0		0	
2020-07-21 04:59:59	392	392.153	https://travis-ci.org/SpenceKonde/ATTinyCore/jobs/710225406	push		false	master	39b865918fe608b836046eaf454b2588f3297161	b9a98a221531...39b865918fe6	Fix missing linebreak in wiring.c	/home/travis/Arduino/hardware/ATTinyCore/avr/libraries/EEPROM/examples/eeprom_crc/eeprom_crc.ino	ATTinyCore:avr:attiny1634:LTO=disable,clock=12external,eesave=disable,bod=2v7,neopixelport=portb,millis=enabled	1.8.13	2406	234	1	false	0	0		0	
2020-07-21 05:00:01	392	392.153	https://travis-ci.org/SpenceKonde/ATTinyCore/jobs/710225406	push		false	master	39b865918fe608b836046eaf454b2588f3297161	b9a98a221531...39b865918fe6	Fix missing linebreak in wiring.c	/home/travis/Arduino/hardware/ATTinyCore/avr/libraries/EEPROM/examples/eeprom_read/eeprom_read.ino	ATTinyCore:avr:attiny1634:LTO=disable,clock=12external,eesave=disable,bod=2v7,neopixelport=portb,millis=enabled	1.8.13	2366	125	1	false	0	0		0	
2020-07-21 05:00:04	392	392.153	https://travis-ci.org/SpenceKonde/ATTinyCore/jobs/710225406	push		false	master	39b865918fe608b836046eaf454b2588f3297161	b9a98a221531...39b865918fe6	Fix missing linebreak in wiring.c	/home/travis/Arduino/hardware/ATTinyCore/avr/libraries/EEPROM/examples/eeprom_clear/eeprom_clear.ino	ATTinyCore:avr:attiny1634:LTO=disable,clock=12external,eesave=disable,bod=2v7,neopixelport=portb,millis=enabled	1.8.13	860	9	1	false	0	0		0	
2020-07-21 05:00:07	392	392.153	https://travis-ci.org/SpenceKonde/ATTinyCore/jobs/710225406	push		false	master	39b865918fe608b836046eaf454b2588f3297161	b9a98a221531...39b865918fe6	Fix missing linebreak in wiring.c	/home/travis/Arduino/hardware/ATTinyCore/avr/libraries/EEPROM/examples/eeprom_write/eeprom_write.ino	ATTinyCore:avr:attiny1634:LTO=disable,clock=12external,eesave=disable,bod=2v7,neopixelport=portb,millis=enabled	1.8.13	788	12	0	false	0	0		0	
2020-07-21 05:00:10	392	392.153	https://travis-ci.org/SpenceKonde/ATTinyCore/jobs/710225406	push		false	master	39b865918fe608b836046eaf454b2588f3297161	b9a98a221531...39b865918fe6	Fix missing linebreak in wiring.c	/home/travis/Arduino/hardware/ATTinyCore/avr/libraries/EEPROM/examples/eeprom_iteration/eeprom_iteration.ino	ATTinyCore:avr:attiny1634:LTO=disable,clock=12external,eesave=disable,bod=2v7,neopixelport=portb,millis=enabled	1.8.13	608	9	3	false	0	0		0	
2020-07-21 05:00:13	392	392.153	https://travis-ci.org/SpenceKonde/ATTinyCore/jobs/710225406	push		false	master	39b865918fe608b836046eaf454b2588f3297161	b9a98a221531...39b865918fe6	Fix missing linebreak in wiring.c	/home/travis/Arduino/hardware/ATTinyCore/avr/libraries/EEPROM/examples/eeprom_update/eeprom_update.ino	ATTinyCore:avr:attiny1634:LTO=disable,clock=12external,eesave=disable,bod=2v7,neopixelport=portb,millis=enabled	1.8.13	838	12	1	false	0	0		0	
2020-07-21 05:00:16	392	392.153	https://travis-ci.org/SpenceKonde/ATTinyCore/jobs/710225406	push		false	master	39b865918fe608b836046eaf454b2588f3297161	b9a98a221531...39b865918fe6	Fix missing linebreak in wiring.c	/home/travis/Arduino/hardware/ATTinyCore/avr/libraries/EEPROM/examples/eeprom_put/eeprom_put.ino	ATTinyCore:avr:attiny1634:LTO=disable,clock=12external,eesave=disable,bod=2v7,neopixelport=portb,millis=enabled	1.8.13	2058	264	0	false	0	0		0	
2020-07-21 05:00:19	392	392.153	https://travis-ci.org/SpenceKonde/ATTinyCore/jobs/710225406	push		false	master	39b865918fe608b836046eaf454b2588f3297161	b9a98a221531...39b865918fe6	Fix missing linebreak in wiring.c	/home/travis/Arduino/hardware/ATTinyCore/avr/libraries/ATTinyCore/examples/TemperatureRead/TemperatureRead.ino	ATTinyCore:avr:attiny1634:LTO=disable,clock=12external,eesave=disable,bod=2v7,neopixelport=portb,millis=enabled	1.8.13	2336	127	0	false	0	0		0	
2020-07-21 05:00:22	392	392.153	https://travis-ci.org/SpenceKonde/ATTinyCore/jobs/710225406	push		false	master	39b865918fe608b836046eaf454b2588f3297161	b9a98a221531...39b865918fe6	Fix missing linebreak in wiring.c	/home/travis/Arduino/hardware/ATTinyCore/avr/libraries/tinyNeoPixel_Static/examples/strandtest/strandtest.ino	ATTinyCore:avr:attiny1634:LTO=disable,clock=12external,eesave=disable,bod=2v7,neopixelport=portb,millis=enabled	1.8.13	2768	208	5	false	0	0		0	
2020-07-21 05:00:25	392	392.153	https://travis-ci.org/SpenceKonde/ATTinyCore/jobs/710225406	push		false	master	39b865918fe608b836046eaf454b2588f3297161	b9a98a221531...39b865918fe6	Fix missing linebreak in wiring.c	/home/travis/Arduino/hardware/ATTinyCore/avr/libraries/tinyNeoPixel_Static/examples/buttoncycler/buttoncycler.ino	ATTinyCore:avr:attiny1634:LTO=disable,clock=12external,eesave=disable,bod=2v7,neopixelport=portb,millis=enabled	1.8.13	2982	80	5	false	0	0		0	
2020-07-21 05:00:28	392	392.153	https://travis-ci.org/SpenceKonde/ATTinyCore/jobs/710225406	push		false	master	39b865918fe608b836046eaf454b2588f3297161	b9a98a221531...39b865918fe6	Fix missing linebreak in wiring.c	/home/travis/Arduino/hardware/ATTinyCore/avr/libraries/tinyNeoPixel_Static/examples/simple/simple.ino	ATTinyCore:avr:attiny1634:LTO=disable,clock=12external,eesave=disable,bod=2v7,neopixelport=portb,millis=enabled	1.8.13	1858	78	1	false	0	0		0	
2020-07-21 05:00:31	392	392.153	https://travis-ci.org/SpenceKonde/ATTinyCore/jobs/710225406	push		false	master	39b865918fe608b836046eaf454b2588f3297161	b9a98a221531...39b865918fe6	Fix missing linebreak in wiring.c	/home/travis/Arduino/hardware/ATTinyCore/avr/libraries/SPI/examples/BarometricPressureSensor/BarometricPressureSensor.ino	ATTinyCore:avr:attiny1634:LTO=disable,clock=12external,eesave=disable,bod=2v7,neopixelport=portb,millis=enabled	1.8.13	6952	175	1	false	0	0		0	
2020-07-21 05:00:34	392	392.153	https://travis-ci.org/SpenceKonde/ATTinyCore/jobs/710225406	push		false	master	39b865918fe608b836046eaf454b2588f3297161	b9a98a221531...39b865918fe6	Fix missing linebreak in wiring.c	/home/travis/Arduino/hardware/ATTinyCore/avr/libraries/SPI/examples/DigitalPotControl/DigitalPotControl.ino	ATTinyCore:avr:attiny1634:LTO=disable,clock=12external,eesave=disable,bod=2v7,neopixelport=portb,millis=enabled	1.8.13	1480	14	0	false	0	0		0	
2020-07-21 05:00:37	392	392.153	https://travis-ci.org/SpenceKonde/ATTinyCore/jobs/710225406	push		false	master	39b865918fe608b836046eaf454b2588f3297161	b9a98a221531...39b865918fe6	Fix missing linebreak in wiring.c	/home/travis/Arduino/hardware/ATTinyCore/avr/libraries/Wire/examples/SFRRanger_reader/SFRRanger_reader.ino	ATTinyCore:avr:attiny1634:LTO=disable,clock=12external,eesave=disable,bod=2v7,neopixelport=portb,millis=enabled	1.8.13	3858	171	1	false	0	0		0	
2020-07-21 05:00:41	392	392.153	https://travis-ci.org/SpenceKonde/ATTinyCore/jobs/710225406	push		false	master	39b865918fe608b836046eaf454b2588f3297161	b9a98a221531...39b865918fe6	Fix missing linebreak in wiring.c	/home/travis/Arduino/hardware/ATTinyCore/avr/libraries/Wire/examples/master_writer/master_writer.ino	ATTinyCore:avr:attiny1634:LTO=disable,clock=12external,eesave=disable,bod=2v7,neopixelport=portb,millis=enabled	1.8.13	1958	65	1	false	0	0		0	
2020-07-21 05:00:44	392	392.153	https://travis-ci.org/SpenceKonde/ATTinyCore/jobs/710225406	push		false	master	39b865918fe608b836046eaf454b2588f3297161	b9a98a221531...39b865918fe6	Fix missing linebreak in wiring.c	/home/travis/Arduino/hardware/ATTinyCore/avr/libraries/Wire/examples/digital_potentiometer/digital_potentiometer.ino	ATTinyCore:avr:attiny1634:LTO=disable,clock=12external,eesave=disable,bod=2v7,neopixelport=portb,millis=enabled	1.8.13	1858	59	1	false	0	0		0	
2020-07-21 05:00:47	392	392.153	https://travis-ci.org/SpenceKonde/ATTinyCore/jobs/710225406	push		false	master	39b865918fe608b836046eaf454b2588f3297161	b9a98a221531...39b865918fe6	Fix missing linebreak in wiring.c	/home/travis/Arduino/hardware/ATTinyCore/avr/libraries/Wire/examples/slave_receiver/slave_receiver.ino	ATTinyCore:avr:attiny1634:LTO=disable,clock=12external,eesave=disable,bod=2v7,neopixelport=portb,millis=enabled	1.8.13	3042	167	2	false	0	0		0	
2020-07-21 05:00:50	392	392.153	https://travis-ci.org/SpenceKonde/ATTinyCore/jobs/710225406	push		false	master	39b865918fe608b836046eaf454b2588f3297161	b9a98a221531...39b865918fe6	Fix missing linebreak in wiring.c	/home/travis/Arduino/hardware/ATTinyCore/avr/libraries/Wire/examples/master_reader/master_reader.ino	ATTinyCore:avr:attiny1634:LTO=disable,clock=12external,eesave=disable,bod=2v7,neopixelport=portb,millis=enabled	1.8.13	3252	169	1	false	0	0		0	
2020-07-21 05:00:53	392	392.153	https://travis-ci.org/SpenceKonde/ATTinyCore/jobs/710225406	push		false	master	39b865918fe608b836046eaf454b2588f3297161	b9a98a221531...39b865918fe6	Fix missing linebreak in wiring.c	/home/travis/Arduino/hardware/ATTinyCore/avr/libraries/Wire/examples/slave_sender/slave_sender.ino	ATTinyCore:avr:attiny1634:LTO=disable,clock=12external,eesave=disable,bod=2v7,neopixelport=portb,millis=enabled	1.8.13	1576	65	1	false	0	0		0	
2020-07-21 05:00:56	392	392.153	https://travis-ci.org/SpenceKonde/ATTinyCore/jobs/710225406	push		false	master	39b865918fe608b836046eaf454b2588f3297161	b9a98a221531...39b865918fe6	Fix missing linebreak in wiring.c	/home/travis/Arduino/hardware/ATTinyCore/avr/libraries/Servo_ATTinyCore/examples/Knob/Knob.ino	ATTinyCore:avr:attiny1634:LTO=disable,clock=12external,eesave=disable,bod=2v7,neopixelport=portb,millis=enabled	1.8.13	2698	55	2	false	0	0		0	
2020-07-21 05:00:59	392	392.153	https://travis-ci.org/SpenceKonde/ATTinyCore/jobs/710225406	push		false	master	39b865918fe608b836046eaf454b2588f3297161	b9a98a221531...39b865918fe6	Fix missing linebreak in wiring.c	/home/travis/Arduino/hardware/ATTinyCore/avr/libraries/Servo_ATTinyCore/examples/Sweep/Sweep.ino	ATTinyCore:avr:attiny1634:LTO=disable,clock=12external,eesave=disable,bod=2v7,neopixelport=portb,millis=enabled	1.8.13	2644	52	2	false	0	0		0	
