Build Timestamp (UTC)	Build	Job	Job URL	Build Trigger	Allow Job Failure	PR#	Branch	Commit	Commit Range	Commit Message	Sketch Filename	Board ID	IDE Version	Program Storage (bytes)	Dynamic Memory (bytes)	# Warnings	Allow Failure	Exit Status	# Board Issues	Board Issue	# Library Issues	Library Issue
2019-08-18 07:05:17	136	136.2	https://travis-ci.org/SpenceKonde/ATTinyCore/jobs/573339007	push	false	false	master	634e5889ea9492d8d42386eba25fce66f16c1376	428ae3e9f26b...634e5889ea94	Fix keywords.txt	/home/travis/Arduino/hardware/ATTinyCore/avr/libraries/SoftwareSerial/examples/SoftwareSerialExample/SoftwareSerialExample.ino	ATTinyCore:avr:attinyx4:LTO=disable,chip=84,clock=20external,eesave=disable,bod=1v8,pinmapping=old	1.6.7	3284	230	8	false	0	0		0	
2019-08-18 07:05:22	136	136.2	https://travis-ci.org/SpenceKonde/ATTinyCore/jobs/573339007	push	false	false	master	634e5889ea9492d8d42386eba25fce66f16c1376	428ae3e9f26b...634e5889ea94	Fix keywords.txt	/home/travis/Arduino/hardware/ATTinyCore/avr/libraries/SoftwareSerial/examples/TwoPortReceive/TwoPortReceive.ino	ATTinyCore:avr:attinyx4:LTO=disable,chip=84,clock=20external,eesave=disable,bod=1v8,pinmapping=old	1.6.7	3356	271	8	false	0	0		0	
2019-08-18 07:05:27	136	136.2	https://travis-ci.org/SpenceKonde/ATTinyCore/jobs/573339007	push	false	false	master	634e5889ea9492d8d42386eba25fce66f16c1376	428ae3e9f26b...634e5889ea94	Fix keywords.txt	/home/travis/Arduino/hardware/ATTinyCore/avr/libraries/tinyNeoPixel/examples/strandtest/strandtest.ino	ATTinyCore:avr:attinyx4:LTO=disable,chip=84,clock=20external,eesave=disable,bod=1v8,pinmapping=old	1.6.7	3550	39	1	false	0	0		0	
2019-08-18 07:05:32	136	136.2	https://travis-ci.org/SpenceKonde/ATTinyCore/jobs/573339007	push	false	false	master	634e5889ea9492d8d42386eba25fce66f16c1376	428ae3e9f26b...634e5889ea94	Fix keywords.txt	/home/travis/Arduino/hardware/ATTinyCore/avr/libraries/tinyNeoPixel/examples/buttoncycler/buttoncycler.ino	ATTinyCore:avr:attinyx4:LTO=disable,chip=84,clock=20external,eesave=disable,bod=1v8,pinmapping=old	1.6.7	2670	41	1	false	0	0		0	
2019-08-18 07:05:37	136	136.2	https://travis-ci.org/SpenceKonde/ATTinyCore/jobs/573339007	push	false	false	master	634e5889ea9492d8d42386eba25fce66f16c1376	428ae3e9f26b...634e5889ea94	Fix keywords.txt	/home/travis/Arduino/hardware/ATTinyCore/avr/libraries/tinyNeoPixel/examples/RGBWstrandtest/RGBWstrandtest.ino	ATTinyCore:avr:attinyx4:LTO=disable,chip=84,clock=20external,eesave=disable,bod=1v8,pinmapping=old	1.6.7				false	1				
2019-08-18 07:05:41	136	136.2	https://travis-ci.org/SpenceKonde/ATTinyCore/jobs/573339007	push	false	false	master	634e5889ea9492d8d42386eba25fce66f16c1376	428ae3e9f26b...634e5889ea94	Fix keywords.txt	/home/travis/Arduino/hardware/ATTinyCore/avr/libraries/tinyNeoPixel/examples/simple/simple.ino	ATTinyCore:avr:attinyx4:LTO=disable,chip=84,clock=20external,eesave=disable,bod=1v8,pinmapping=old	1.6.7	2670	41	1	false	0	0		0	
2019-08-18 07:05:46	136	136.2	https://travis-ci.org/SpenceKonde/ATTinyCore/jobs/573339007	push	false	false	master	634e5889ea9492d8d42386eba25fce66f16c1376	428ae3e9f26b...634e5889ea94	Fix keywords.txt	/home/travis/Arduino/hardware/ATTinyCore/avr/libraries/Servo/examples/Knob/Knob.ino	ATTinyCore:avr:attinyx4:LTO=disable,chip=84,clock=20external,eesave=disable,bod=1v8,pinmapping=old	1.6.7	2698	59	2	false	0	0		0	
2019-08-18 07:05:50	136	136.2	https://travis-ci.org/SpenceKonde/ATTinyCore/jobs/573339007	push	false	false	master	634e5889ea9492d8d42386eba25fce66f16c1376	428ae3e9f26b...634e5889ea94	Fix keywords.txt	/home/travis/Arduino/hardware/ATTinyCore/avr/libraries/Servo/examples/Sweep/Sweep.ino	ATTinyCore:avr:attinyx4:LTO=disable,chip=84,clock=20external,eesave=disable,bod=1v8,pinmapping=old	1.6.7	2652	56	2	false	0	0		0	
2019-08-18 07:05:55	136	136.2	https://travis-ci.org/SpenceKonde/ATTinyCore/jobs/573339007	push	false	false	master	634e5889ea9492d8d42386eba25fce66f16c1376	428ae3e9f26b...634e5889ea94	Fix keywords.txt	/home/travis/Arduino/hardware/ATTinyCore/avr/libraries/EEPROM/examples/eeprom_get/eeprom_get.ino	ATTinyCore:avr:attinyx4:LTO=disable,chip=84,clock=20external,eesave=disable,bod=1v8,pinmapping=old	1.6.7	3512	145	1	false	0	0		0	
2019-08-18 07:05:59	136	136.2	https://travis-ci.org/SpenceKonde/ATTinyCore/jobs/573339007	push	false	false	master	634e5889ea9492d8d42386eba25fce66f16c1376	428ae3e9f26b...634e5889ea94	Fix keywords.txt	/home/travis/Arduino/hardware/ATTinyCore/avr/libraries/EEPROM/examples/eeprom_crc/eeprom_crc.ino	ATTinyCore:avr:attinyx4:LTO=disable,chip=84,clock=20external,eesave=disable,bod=1v8,pinmapping=old	1.6.7	2138	199	2	false	0	0		0	
2019-08-18 07:06:03	136	136.2	https://travis-ci.org/SpenceKonde/ATTinyCore/jobs/573339007	push	false	false	master	634e5889ea9492d8d42386eba25fce66f16c1376	428ae3e9f26b...634e5889ea94	Fix keywords.txt	/home/travis/Arduino/hardware/ATTinyCore/avr/libraries/EEPROM/examples/eeprom_read/eeprom_read.ino	ATTinyCore:avr:attinyx4:LTO=disable,chip=84,clock=20external,eesave=disable,bod=1v8,pinmapping=old	1.6.7	2110	90	2	false	0	0		0	
2019-08-18 07:06:08	136	136.2	https://travis-ci.org/SpenceKonde/ATTinyCore/jobs/573339007	push	false	false	master	634e5889ea9492d8d42386eba25fce66f16c1376	428ae3e9f26b...634e5889ea94	Fix keywords.txt	/home/travis/Arduino/hardware/ATTinyCore/avr/libraries/EEPROM/examples/eeprom_clear/eeprom_clear.ino	ATTinyCore:avr:attinyx4:LTO=disable,chip=84,clock=20external,eesave=disable,bod=1v8,pinmapping=old	1.6.7	738	9	2	false	0	0		0	
2019-08-18 07:06:12	136	136.2	https://travis-ci.org/SpenceKonde/ATTinyCore/jobs/573339007	push	false	false	master	634e5889ea9492d8d42386eba25fce66f16c1376	428ae3e9f26b...634e5889ea94	Fix keywords.txt	/home/travis/Arduino/hardware/ATTinyCore/avr/libraries/EEPROM/examples/eeprom_write/eeprom_write.ino	ATTinyCore:avr:attinyx4:LTO=disable,chip=84,clock=20external,eesave=disable,bod=1v8,pinmapping=old	1.6.7	678	12	2	false	0	0		0	
2019-08-18 07:06:17	136	136.2	https://travis-ci.org/SpenceKonde/ATTinyCore/jobs/573339007	push	false	false	master	634e5889ea9492d8d42386eba25fce66f16c1376	428ae3e9f26b...634e5889ea94	Fix keywords.txt	/home/travis/Arduino/hardware/ATTinyCore/avr/libraries/EEPROM/examples/eeprom_iteration/eeprom_iteration.ino	ATTinyCore:avr:attinyx4:LTO=disable,chip=84,clock=20external,eesave=disable,bod=1v8,pinmapping=old	1.6.7	518	9	4	false	0	0		0	
2019-08-18 07:06:21	136	136.2	https://travis-ci.org/SpenceKonde/ATTinyCore/jobs/573339007	push	false	false	master	634e5889ea9492d8d42386eba25fce66f16c1376	428ae3e9f26b...634e5889ea94	Fix keywords.txt	/home/travis/Arduino/hardware/ATTinyCore/avr/libraries/EEPROM/examples/eeprom_update/eeprom_update.ino	ATTinyCore:avr:attinyx4:LTO=disable,chip=84,clock=20external,eesave=disable,bod=1v8,pinmapping=old	1.6.7	726	12	2	false	0	0		0	
2019-08-18 07:06:26	136	136.2	https://travis-ci.org/SpenceKonde/ATTinyCore/jobs/573339007	push	false	false	master	634e5889ea9492d8d42386eba25fce66f16c1376	428ae3e9f26b...634e5889ea94	Fix keywords.txt	/home/travis/Arduino/hardware/ATTinyCore/avr/libraries/EEPROM/examples/eeprom_put/eeprom_put.ino	ATTinyCore:avr:attinyx4:LTO=disable,chip=84,clock=20external,eesave=disable,bod=1v8,pinmapping=old	1.6.7	1814	229	1	false	0	0		0	
2019-08-18 07:06:30	136	136.2	https://travis-ci.org/SpenceKonde/ATTinyCore/jobs/573339007	push	false	false	master	634e5889ea9492d8d42386eba25fce66f16c1376	428ae3e9f26b...634e5889ea94	Fix keywords.txt	/home/travis/Arduino/hardware/ATTinyCore/avr/libraries/ATTinyCore/examples/TemperatureRead/TemperatureRead.ino	ATTinyCore:avr:attinyx4:LTO=disable,chip=84,clock=20external,eesave=disable,bod=1v8,pinmapping=old	1.6.7	2054	92	1	false	0	0		0	
2019-08-18 07:06:35	136	136.2	https://travis-ci.org/SpenceKonde/ATTinyCore/jobs/573339007	push	false	false	master	634e5889ea9492d8d42386eba25fce66f16c1376	428ae3e9f26b...634e5889ea94	Fix keywords.txt	/home/travis/Arduino/hardware/ATTinyCore/avr/libraries/tinyNeoPixel_Static/examples/strandtest/strandtest.ino	ATTinyCore:avr:attinyx4:LTO=disable,chip=84,clock=20external,eesave=disable,bod=1v8,pinmapping=old	1.6.7	2550	208	6	false	0	0		0	
2019-08-18 07:06:39	136	136.2	https://travis-ci.org/SpenceKonde/ATTinyCore/jobs/573339007	push	false	false	master	634e5889ea9492d8d42386eba25fce66f16c1376	428ae3e9f26b...634e5889ea94	Fix keywords.txt	/home/travis/Arduino/hardware/ATTinyCore/avr/libraries/tinyNeoPixel_Static/examples/buttoncycler/buttoncycler.ino	ATTinyCore:avr:attinyx4:LTO=disable,chip=84,clock=20external,eesave=disable,bod=1v8,pinmapping=old	1.6.7	2858	80	6	false	0	0		0	
2019-08-18 07:06:44	136	136.2	https://travis-ci.org/SpenceKonde/ATTinyCore/jobs/573339007	push	false	false	master	634e5889ea9492d8d42386eba25fce66f16c1376	428ae3e9f26b...634e5889ea94	Fix keywords.txt	/home/travis/Arduino/hardware/ATTinyCore/avr/libraries/tinyNeoPixel_Static/examples/simple/simple.ino	ATTinyCore:avr:attinyx4:LTO=disable,chip=84,clock=20external,eesave=disable,bod=1v8,pinmapping=old	1.6.7	1700	78	2	false	0	0		0	
2019-08-18 07:06:48	136	136.2	https://travis-ci.org/SpenceKonde/ATTinyCore/jobs/573339007	push	false	false	master	634e5889ea9492d8d42386eba25fce66f16c1376	428ae3e9f26b...634e5889ea94	Fix keywords.txt	/home/travis/Arduino/hardware/ATTinyCore/avr/libraries/SPI/examples/BarometricPressureSensor/BarometricPressureSensor.ino	ATTinyCore:avr:attinyx4:LTO=disable,chip=84,clock=20external,eesave=disable,bod=1v8,pinmapping=old	1.6.7	6470	122	2	false	0	0		0	
2019-08-18 07:06:52	136	136.2	https://travis-ci.org/SpenceKonde/ATTinyCore/jobs/573339007	push	false	false	master	634e5889ea9492d8d42386eba25fce66f16c1376	428ae3e9f26b...634e5889ea94	Fix keywords.txt	/home/travis/Arduino/hardware/ATTinyCore/avr/libraries/SPI/examples/DigitalPotControl/DigitalPotControl.ino	ATTinyCore:avr:attinyx4:LTO=disable,chip=84,clock=20external,eesave=disable,bod=1v8,pinmapping=old	1.6.7	1352	14	1	false	0	0		0	
2019-08-18 07:06:57	136	136.2	https://travis-ci.org/SpenceKonde/ATTinyCore/jobs/573339007	push	false	false	master	634e5889ea9492d8d42386eba25fce66f16c1376	428ae3e9f26b...634e5889ea94	Fix keywords.txt	/home/travis/Arduino/hardware/ATTinyCore/avr/libraries/Wire/examples/SFRRanger_reader/SFRRanger_reader.ino	ATTinyCore:avr:attinyx4:LTO=disable,chip=84,clock=20external,eesave=disable,bod=1v8,pinmapping=old	1.6.7	3528	136	1	false	0	0		0	
2019-08-18 07:07:02	136	136.2	https://travis-ci.org/SpenceKonde/ATTinyCore/jobs/573339007	push	false	false	master	634e5889ea9492d8d42386eba25fce66f16c1376	428ae3e9f26b...634e5889ea94	Fix keywords.txt	/home/travis/Arduino/hardware/ATTinyCore/avr/libraries/Wire/examples/master_writer/master_writer.ino	ATTinyCore:avr:attinyx4:LTO=disable,chip=84,clock=20external,eesave=disable,bod=1v8,pinmapping=old	1.6.7	1814	65	1	false	0	0		0	
2019-08-18 07:07:06	136	136.2	https://travis-ci.org/SpenceKonde/ATTinyCore/jobs/573339007	push	false	false	master	634e5889ea9492d8d42386eba25fce66f16c1376	428ae3e9f26b...634e5889ea94	Fix keywords.txt	/home/travis/Arduino/hardware/ATTinyCore/avr/libraries/Wire/examples/digital_potentiometer/digital_potentiometer.ino	ATTinyCore:avr:attinyx4:LTO=disable,chip=84,clock=20external,eesave=disable,bod=1v8,pinmapping=old	1.6.7	1716	59	1	false	0	0		0	
2019-08-18 07:07:11	136	136.2	https://travis-ci.org/SpenceKonde/ATTinyCore/jobs/573339007	push	false	false	master	634e5889ea9492d8d42386eba25fce66f16c1376	428ae3e9f26b...634e5889ea94	Fix keywords.txt	/home/travis/Arduino/hardware/ATTinyCore/avr/libraries/Wire/examples/slave_receiver/slave_receiver.ino	ATTinyCore:avr:attinyx4:LTO=disable,chip=84,clock=20external,eesave=disable,bod=1v8,pinmapping=old	1.6.7	2756	132	2	false	0	0		0	
2019-08-18 07:07:15	136	136.2	https://travis-ci.org/SpenceKonde/ATTinyCore/jobs/573339007	push	false	false	master	634e5889ea9492d8d42386eba25fce66f16c1376	428ae3e9f26b...634e5889ea94	Fix keywords.txt	/home/travis/Arduino/hardware/ATTinyCore/avr/libraries/Wire/examples/master_reader/master_reader.ino	ATTinyCore:avr:attinyx4:LTO=disable,chip=84,clock=20external,eesave=disable,bod=1v8,pinmapping=old	1.6.7	2958	134	1	false	0	0		0	
2019-08-18 07:07:20	136	136.2	https://travis-ci.org/SpenceKonde/ATTinyCore/jobs/573339007	push	false	false	master	634e5889ea9492d8d42386eba25fce66f16c1376	428ae3e9f26b...634e5889ea94	Fix keywords.txt	/home/travis/Arduino/hardware/ATTinyCore/avr/libraries/Wire/examples/slave_sender/slave_sender.ino	ATTinyCore:avr:attinyx4:LTO=disable,chip=84,clock=20external,eesave=disable,bod=1v8,pinmapping=old	1.6.7	1462	65	1	false	0	0		0	
2019-08-18 07:07:27	136	136.2	https://travis-ci.org/SpenceKonde/ATTinyCore/jobs/573339007	push	false	false	master	634e5889ea9492d8d42386eba25fce66f16c1376	428ae3e9f26b...634e5889ea94	Fix keywords.txt	/home/travis/Arduino/hardware/ATTinyCore/avr/libraries/SoftwareSerial/examples/SoftwareSerialExample/SoftwareSerialExample.ino	ATTinyCore:avr:attinyx4:LTO=disable,chip=84,clock=20external,eesave=disable,bod=1v8,pinmapping=old	1.6.9	3284	230	8	false	0	0		0	
2019-08-18 07:07:32	136	136.2	https://travis-ci.org/SpenceKonde/ATTinyCore/jobs/573339007	push	false	false	master	634e5889ea9492d8d42386eba25fce66f16c1376	428ae3e9f26b...634e5889ea94	Fix keywords.txt	/home/travis/Arduino/hardware/ATTinyCore/avr/libraries/SoftwareSerial/examples/TwoPortReceive/TwoPortReceive.ino	ATTinyCore:avr:attinyx4:LTO=disable,chip=84,clock=20external,eesave=disable,bod=1v8,pinmapping=old	1.6.9	3356	271	8	false	0	0		0	
2019-08-18 07:07:37	136	136.2	https://travis-ci.org/SpenceKonde/ATTinyCore/jobs/573339007	push	false	false	master	634e5889ea9492d8d42386eba25fce66f16c1376	428ae3e9f26b...634e5889ea94	Fix keywords.txt	/home/travis/Arduino/hardware/ATTinyCore/avr/libraries/tinyNeoPixel/examples/strandtest/strandtest.ino	ATTinyCore:avr:attinyx4:LTO=disable,chip=84,clock=20external,eesave=disable,bod=1v8,pinmapping=old	1.6.9	3550	39	1	false	0	0		0	
2019-08-18 07:07:42	136	136.2	https://travis-ci.org/SpenceKonde/ATTinyCore/jobs/573339007	push	false	false	master	634e5889ea9492d8d42386eba25fce66f16c1376	428ae3e9f26b...634e5889ea94	Fix keywords.txt	/home/travis/Arduino/hardware/ATTinyCore/avr/libraries/tinyNeoPixel/examples/buttoncycler/buttoncycler.ino	ATTinyCore:avr:attinyx4:LTO=disable,chip=84,clock=20external,eesave=disable,bod=1v8,pinmapping=old	1.6.9	2670	41	1	false	0	0		0	
2019-08-18 07:07:47	136	136.2	https://travis-ci.org/SpenceKonde/ATTinyCore/jobs/573339007	push	false	false	master	634e5889ea9492d8d42386eba25fce66f16c1376	428ae3e9f26b...634e5889ea94	Fix keywords.txt	/home/travis/Arduino/hardware/ATTinyCore/avr/libraries/tinyNeoPixel/examples/RGBWstrandtest/RGBWstrandtest.ino	ATTinyCore:avr:attinyx4:LTO=disable,chip=84,clock=20external,eesave=disable,bod=1v8,pinmapping=old	1.6.9				false	1				
2019-08-18 07:07:52	136	136.2	https://travis-ci.org/SpenceKonde/ATTinyCore/jobs/573339007	push	false	false	master	634e5889ea9492d8d42386eba25fce66f16c1376	428ae3e9f26b...634e5889ea94	Fix keywords.txt	/home/travis/Arduino/hardware/ATTinyCore/avr/libraries/tinyNeoPixel/examples/simple/simple.ino	ATTinyCore:avr:attinyx4:LTO=disable,chip=84,clock=20external,eesave=disable,bod=1v8,pinmapping=old	1.6.9	2670	41	1	false	0	0		0	
2019-08-18 07:07:56	136	136.2	https://travis-ci.org/SpenceKonde/ATTinyCore/jobs/573339007	push	false	false	master	634e5889ea9492d8d42386eba25fce66f16c1376	428ae3e9f26b...634e5889ea94	Fix keywords.txt	/home/travis/Arduino/hardware/ATTinyCore/avr/libraries/Servo/examples/Knob/Knob.ino	ATTinyCore:avr:attinyx4:LTO=disable,chip=84,clock=20external,eesave=disable,bod=1v8,pinmapping=old	1.6.9	2698	59	2	false	0	0		0	
2019-08-18 07:08:01	136	136.2	https://travis-ci.org/SpenceKonde/ATTinyCore/jobs/573339007	push	false	false	master	634e5889ea9492d8d42386eba25fce66f16c1376	428ae3e9f26b...634e5889ea94	Fix keywords.txt	/home/travis/Arduino/hardware/ATTinyCore/avr/libraries/Servo/examples/Sweep/Sweep.ino	ATTinyCore:avr:attinyx4:LTO=disable,chip=84,clock=20external,eesave=disable,bod=1v8,pinmapping=old	1.6.9	2652	56	2	false	0	0		0	
2019-08-18 07:08:06	136	136.2	https://travis-ci.org/SpenceKonde/ATTinyCore/jobs/573339007	push	false	false	master	634e5889ea9492d8d42386eba25fce66f16c1376	428ae3e9f26b...634e5889ea94	Fix keywords.txt	/home/travis/Arduino/hardware/ATTinyCore/avr/libraries/EEPROM/examples/eeprom_get/eeprom_get.ino	ATTinyCore:avr:attinyx4:LTO=disable,chip=84,clock=20external,eesave=disable,bod=1v8,pinmapping=old	1.6.9	3512	145	1	false	0	0		0	
2019-08-18 07:08:10	136	136.2	https://travis-ci.org/SpenceKonde/ATTinyCore/jobs/573339007	push	false	false	master	634e5889ea9492d8d42386eba25fce66f16c1376	428ae3e9f26b...634e5889ea94	Fix keywords.txt	/home/travis/Arduino/hardware/ATTinyCore/avr/libraries/EEPROM/examples/eeprom_crc/eeprom_crc.ino	ATTinyCore:avr:attinyx4:LTO=disable,chip=84,clock=20external,eesave=disable,bod=1v8,pinmapping=old	1.6.9	2138	199	2	false	0	0		0	
2019-08-18 07:08:15	136	136.2	https://travis-ci.org/SpenceKonde/ATTinyCore/jobs/573339007	push	false	false	master	634e5889ea9492d8d42386eba25fce66f16c1376	428ae3e9f26b...634e5889ea94	Fix keywords.txt	/home/travis/Arduino/hardware/ATTinyCore/avr/libraries/EEPROM/examples/eeprom_read/eeprom_read.ino	ATTinyCore:avr:attinyx4:LTO=disable,chip=84,clock=20external,eesave=disable,bod=1v8,pinmapping=old	1.6.9	2110	90	2	false	0	0		0	
2019-08-18 07:08:20	136	136.2	https://travis-ci.org/SpenceKonde/ATTinyCore/jobs/573339007	push	false	false	master	634e5889ea9492d8d42386eba25fce66f16c1376	428ae3e9f26b...634e5889ea94	Fix keywords.txt	/home/travis/Arduino/hardware/ATTinyCore/avr/libraries/EEPROM/examples/eeprom_clear/eeprom_clear.ino	ATTinyCore:avr:attinyx4:LTO=disable,chip=84,clock=20external,eesave=disable,bod=1v8,pinmapping=old	1.6.9	738	9	2	false	0	0		0	
2019-08-18 07:08:24	136	136.2	https://travis-ci.org/SpenceKonde/ATTinyCore/jobs/573339007	push	false	false	master	634e5889ea9492d8d42386eba25fce66f16c1376	428ae3e9f26b...634e5889ea94	Fix keywords.txt	/home/travis/Arduino/hardware/ATTinyCore/avr/libraries/EEPROM/examples/eeprom_write/eeprom_write.ino	ATTinyCore:avr:attinyx4:LTO=disable,chip=84,clock=20external,eesave=disable,bod=1v8,pinmapping=old	1.6.9	678	12	2	false	0	0		0	
2019-08-18 07:08:29	136	136.2	https://travis-ci.org/SpenceKonde/ATTinyCore/jobs/573339007	push	false	false	master	634e5889ea9492d8d42386eba25fce66f16c1376	428ae3e9f26b...634e5889ea94	Fix keywords.txt	/home/travis/Arduino/hardware/ATTinyCore/avr/libraries/EEPROM/examples/eeprom_iteration/eeprom_iteration.ino	ATTinyCore:avr:attinyx4:LTO=disable,chip=84,clock=20external,eesave=disable,bod=1v8,pinmapping=old	1.6.9	518	9	4	false	0	0		0	
2019-08-18 07:08:34	136	136.2	https://travis-ci.org/SpenceKonde/ATTinyCore/jobs/573339007	push	false	false	master	634e5889ea9492d8d42386eba25fce66f16c1376	428ae3e9f26b...634e5889ea94	Fix keywords.txt	/home/travis/Arduino/hardware/ATTinyCore/avr/libraries/EEPROM/examples/eeprom_update/eeprom_update.ino	ATTinyCore:avr:attinyx4:LTO=disable,chip=84,clock=20external,eesave=disable,bod=1v8,pinmapping=old	1.6.9	726	12	2	false	0	0		0	
2019-08-18 07:08:39	136	136.2	https://travis-ci.org/SpenceKonde/ATTinyCore/jobs/573339007	push	false	false	master	634e5889ea9492d8d42386eba25fce66f16c1376	428ae3e9f26b...634e5889ea94	Fix keywords.txt	/home/travis/Arduino/hardware/ATTinyCore/avr/libraries/EEPROM/examples/eeprom_put/eeprom_put.ino	ATTinyCore:avr:attinyx4:LTO=disable,chip=84,clock=20external,eesave=disable,bod=1v8,pinmapping=old	1.6.9	1814	229	1	false	0	0		0	
2019-08-18 07:08:43	136	136.2	https://travis-ci.org/SpenceKonde/ATTinyCore/jobs/573339007	push	false	false	master	634e5889ea9492d8d42386eba25fce66f16c1376	428ae3e9f26b...634e5889ea94	Fix keywords.txt	/home/travis/Arduino/hardware/ATTinyCore/avr/libraries/ATTinyCore/examples/TemperatureRead/TemperatureRead.ino	ATTinyCore:avr:attinyx4:LTO=disable,chip=84,clock=20external,eesave=disable,bod=1v8,pinmapping=old	1.6.9	2054	92	1	false	0	0		0	
2019-08-18 07:08:48	136	136.2	https://travis-ci.org/SpenceKonde/ATTinyCore/jobs/573339007	push	false	false	master	634e5889ea9492d8d42386eba25fce66f16c1376	428ae3e9f26b...634e5889ea94	Fix keywords.txt	/home/travis/Arduino/hardware/ATTinyCore/avr/libraries/tinyNeoPixel_Static/examples/strandtest/strandtest.ino	ATTinyCore:avr:attinyx4:LTO=disable,chip=84,clock=20external,eesave=disable,bod=1v8,pinmapping=old	1.6.9	2550	208	6	false	0	0		0	
2019-08-18 07:08:53	136	136.2	https://travis-ci.org/SpenceKonde/ATTinyCore/jobs/573339007	push	false	false	master	634e5889ea9492d8d42386eba25fce66f16c1376	428ae3e9f26b...634e5889ea94	Fix keywords.txt	/home/travis/Arduino/hardware/ATTinyCore/avr/libraries/tinyNeoPixel_Static/examples/buttoncycler/buttoncycler.ino	ATTinyCore:avr:attinyx4:LTO=disable,chip=84,clock=20external,eesave=disable,bod=1v8,pinmapping=old	1.6.9	2858	80	6	false	0	0		0	
2019-08-18 07:08:58	136	136.2	https://travis-ci.org/SpenceKonde/ATTinyCore/jobs/573339007	push	false	false	master	634e5889ea9492d8d42386eba25fce66f16c1376	428ae3e9f26b...634e5889ea94	Fix keywords.txt	/home/travis/Arduino/hardware/ATTinyCore/avr/libraries/tinyNeoPixel_Static/examples/simple/simple.ino	ATTinyCore:avr:attinyx4:LTO=disable,chip=84,clock=20external,eesave=disable,bod=1v8,pinmapping=old	1.6.9	1700	78	2	false	0	0		0	
2019-08-18 07:09:03	136	136.2	https://travis-ci.org/SpenceKonde/ATTinyCore/jobs/573339007	push	false	false	master	634e5889ea9492d8d42386eba25fce66f16c1376	428ae3e9f26b...634e5889ea94	Fix keywords.txt	/home/travis/Arduino/hardware/ATTinyCore/avr/libraries/SPI/examples/BarometricPressureSensor/BarometricPressureSensor.ino	ATTinyCore:avr:attinyx4:LTO=disable,chip=84,clock=20external,eesave=disable,bod=1v8,pinmapping=old	1.6.9	6470	122	2	false	0	0		0	
2019-08-18 07:09:08	136	136.2	https://travis-ci.org/SpenceKonde/ATTinyCore/jobs/573339007	push	false	false	master	634e5889ea9492d8d42386eba25fce66f16c1376	428ae3e9f26b...634e5889ea94	Fix keywords.txt	/home/travis/Arduino/hardware/ATTinyCore/avr/libraries/SPI/examples/DigitalPotControl/DigitalPotControl.ino	ATTinyCore:avr:attinyx4:LTO=disable,chip=84,clock=20external,eesave=disable,bod=1v8,pinmapping=old	1.6.9	1352	14	1	false	0	0		0	
2019-08-18 07:09:13	136	136.2	https://travis-ci.org/SpenceKonde/ATTinyCore/jobs/573339007	push	false	false	master	634e5889ea9492d8d42386eba25fce66f16c1376	428ae3e9f26b...634e5889ea94	Fix keywords.txt	/home/travis/Arduino/hardware/ATTinyCore/avr/libraries/Wire/examples/SFRRanger_reader/SFRRanger_reader.ino	ATTinyCore:avr:attinyx4:LTO=disable,chip=84,clock=20external,eesave=disable,bod=1v8,pinmapping=old	1.6.9	3528	136	1	false	0	0		0	
2019-08-18 07:09:18	136	136.2	https://travis-ci.org/SpenceKonde/ATTinyCore/jobs/573339007	push	false	false	master	634e5889ea9492d8d42386eba25fce66f16c1376	428ae3e9f26b...634e5889ea94	Fix keywords.txt	/home/travis/Arduino/hardware/ATTinyCore/avr/libraries/Wire/examples/master_writer/master_writer.ino	ATTinyCore:avr:attinyx4:LTO=disable,chip=84,clock=20external,eesave=disable,bod=1v8,pinmapping=old	1.6.9	1814	65	1	false	0	0		0	
2019-08-18 07:09:23	136	136.2	https://travis-ci.org/SpenceKonde/ATTinyCore/jobs/573339007	push	false	false	master	634e5889ea9492d8d42386eba25fce66f16c1376	428ae3e9f26b...634e5889ea94	Fix keywords.txt	/home/travis/Arduino/hardware/ATTinyCore/avr/libraries/Wire/examples/digital_potentiometer/digital_potentiometer.ino	ATTinyCore:avr:attinyx4:LTO=disable,chip=84,clock=20external,eesave=disable,bod=1v8,pinmapping=old	1.6.9	1716	59	1	false	0	0		0	
2019-08-18 07:09:28	136	136.2	https://travis-ci.org/SpenceKonde/ATTinyCore/jobs/573339007	push	false	false	master	634e5889ea9492d8d42386eba25fce66f16c1376	428ae3e9f26b...634e5889ea94	Fix keywords.txt	/home/travis/Arduino/hardware/ATTinyCore/avr/libraries/Wire/examples/slave_receiver/slave_receiver.ino	ATTinyCore:avr:attinyx4:LTO=disable,chip=84,clock=20external,eesave=disable,bod=1v8,pinmapping=old	1.6.9	2756	132	2	false	0	0		0	
2019-08-18 07:09:33	136	136.2	https://travis-ci.org/SpenceKonde/ATTinyCore/jobs/573339007	push	false	false	master	634e5889ea9492d8d42386eba25fce66f16c1376	428ae3e9f26b...634e5889ea94	Fix keywords.txt	/home/travis/Arduino/hardware/ATTinyCore/avr/libraries/Wire/examples/master_reader/master_reader.ino	ATTinyCore:avr:attinyx4:LTO=disable,chip=84,clock=20external,eesave=disable,bod=1v8,pinmapping=old	1.6.9	2958	134	1	false	0	0		0	
2019-08-18 07:09:38	136	136.2	https://travis-ci.org/SpenceKonde/ATTinyCore/jobs/573339007	push	false	false	master	634e5889ea9492d8d42386eba25fce66f16c1376	428ae3e9f26b...634e5889ea94	Fix keywords.txt	/home/travis/Arduino/hardware/ATTinyCore/avr/libraries/Wire/examples/slave_sender/slave_sender.ino	ATTinyCore:avr:attinyx4:LTO=disable,chip=84,clock=20external,eesave=disable,bod=1v8,pinmapping=old	1.6.9	1462	65	1	false	0	0		0	
2019-08-18 07:09:46	136	136.2	https://travis-ci.org/SpenceKonde/ATTinyCore/jobs/573339007	push	false	false	master	634e5889ea9492d8d42386eba25fce66f16c1376	428ae3e9f26b...634e5889ea94	Fix keywords.txt	/home/travis/Arduino/hardware/ATTinyCore/avr/libraries/SoftwareSerial/examples/SoftwareSerialExample/SoftwareSerialExample.ino	ATTinyCore:avr:attinyx4:LTO=disable,chip=84,clock=20external,eesave=disable,bod=1v8,pinmapping=old	1.6.13	3224	230	8	false	0	0		0	
2019-08-18 07:09:51	136	136.2	https://travis-ci.org/SpenceKonde/ATTinyCore/jobs/573339007	push	false	false	master	634e5889ea9492d8d42386eba25fce66f16c1376	428ae3e9f26b...634e5889ea94	Fix keywords.txt	/home/travis/Arduino/hardware/ATTinyCore/avr/libraries/SoftwareSerial/examples/TwoPortReceive/TwoPortReceive.ino	ATTinyCore:avr:attinyx4:LTO=disable,chip=84,clock=20external,eesave=disable,bod=1v8,pinmapping=old	1.6.13	3296	271	8	false	0	0		0	
2019-08-18 07:09:56	136	136.2	https://travis-ci.org/SpenceKonde/ATTinyCore/jobs/573339007	push	false	false	master	634e5889ea9492d8d42386eba25fce66f16c1376	428ae3e9f26b...634e5889ea94	Fix keywords.txt	/home/travis/Arduino/hardware/ATTinyCore/avr/libraries/tinyNeoPixel/examples/strandtest/strandtest.ino	ATTinyCore:avr:attinyx4:LTO=disable,chip=84,clock=20external,eesave=disable,bod=1v8,pinmapping=old	1.6.13	3580	39	1	false	0	0		0	
2019-08-18 07:10:01	136	136.2	https://travis-ci.org/SpenceKonde/ATTinyCore/jobs/573339007	push	false	false	master	634e5889ea9492d8d42386eba25fce66f16c1376	428ae3e9f26b...634e5889ea94	Fix keywords.txt	/home/travis/Arduino/hardware/ATTinyCore/avr/libraries/tinyNeoPixel/examples/buttoncycler/buttoncycler.ino	ATTinyCore:avr:attinyx4:LTO=disable,chip=84,clock=20external,eesave=disable,bod=1v8,pinmapping=old	1.6.13	2700	41	1	false	0	0		0	
2019-08-18 07:10:06	136	136.2	https://travis-ci.org/SpenceKonde/ATTinyCore/jobs/573339007	push	false	false	master	634e5889ea9492d8d42386eba25fce66f16c1376	428ae3e9f26b...634e5889ea94	Fix keywords.txt	/home/travis/Arduino/hardware/ATTinyCore/avr/libraries/tinyNeoPixel/examples/RGBWstrandtest/RGBWstrandtest.ino	ATTinyCore:avr:attinyx4:LTO=disable,chip=84,clock=20external,eesave=disable,bod=1v8,pinmapping=old	1.6.13				false	1				
2019-08-18 07:10:10	136	136.2	https://travis-ci.org/SpenceKonde/ATTinyCore/jobs/573339007	push	false	false	master	634e5889ea9492d8d42386eba25fce66f16c1376	428ae3e9f26b...634e5889ea94	Fix keywords.txt	/home/travis/Arduino/hardware/ATTinyCore/avr/libraries/tinyNeoPixel/examples/simple/simple.ino	ATTinyCore:avr:attinyx4:LTO=disable,chip=84,clock=20external,eesave=disable,bod=1v8,pinmapping=old	1.6.13	2700	41	1	false	0	0		0	
2019-08-18 07:10:15	136	136.2	https://travis-ci.org/SpenceKonde/ATTinyCore/jobs/573339007	push	false	false	master	634e5889ea9492d8d42386eba25fce66f16c1376	428ae3e9f26b...634e5889ea94	Fix keywords.txt	/home/travis/Arduino/hardware/ATTinyCore/avr/libraries/Servo/examples/Knob/Knob.ino	ATTinyCore:avr:attinyx4:LTO=disable,chip=84,clock=20external,eesave=disable,bod=1v8,pinmapping=old	1.6.13	2680	59	2	false	0	0		0	
2019-08-18 07:10:20	136	136.2	https://travis-ci.org/SpenceKonde/ATTinyCore/jobs/573339007	push	false	false	master	634e5889ea9492d8d42386eba25fce66f16c1376	428ae3e9f26b...634e5889ea94	Fix keywords.txt	/home/travis/Arduino/hardware/ATTinyCore/avr/libraries/Servo/examples/Sweep/Sweep.ino	ATTinyCore:avr:attinyx4:LTO=disable,chip=84,clock=20external,eesave=disable,bod=1v8,pinmapping=old	1.6.13	2636	56	2	false	0	0		0	
2019-08-18 07:10:25	136	136.2	https://travis-ci.org/SpenceKonde/ATTinyCore/jobs/573339007	push	false	false	master	634e5889ea9492d8d42386eba25fce66f16c1376	428ae3e9f26b...634e5889ea94	Fix keywords.txt	/home/travis/Arduino/hardware/ATTinyCore/avr/libraries/EEPROM/examples/eeprom_get/eeprom_get.ino	ATTinyCore:avr:attinyx4:LTO=disable,chip=84,clock=20external,eesave=disable,bod=1v8,pinmapping=old	1.6.13	3442	145	1	false	0	0		0	
2019-08-18 07:10:30	136	136.2	https://travis-ci.org/SpenceKonde/ATTinyCore/jobs/573339007	push	false	false	master	634e5889ea9492d8d42386eba25fce66f16c1376	428ae3e9f26b...634e5889ea94	Fix keywords.txt	/home/travis/Arduino/hardware/ATTinyCore/avr/libraries/EEPROM/examples/eeprom_crc/eeprom_crc.ino	ATTinyCore:avr:attinyx4:LTO=disable,chip=84,clock=20external,eesave=disable,bod=1v8,pinmapping=old	1.6.13	2080	199	2	false	0	0		0	
2019-08-18 07:10:34	136	136.2	https://travis-ci.org/SpenceKonde/ATTinyCore/jobs/573339007	push	false	false	master	634e5889ea9492d8d42386eba25fce66f16c1376	428ae3e9f26b...634e5889ea94	Fix keywords.txt	/home/travis/Arduino/hardware/ATTinyCore/avr/libraries/EEPROM/examples/eeprom_read/eeprom_read.ino	ATTinyCore:avr:attinyx4:LTO=disable,chip=84,clock=20external,eesave=disable,bod=1v8,pinmapping=old	1.6.13	2044	90	2	false	0	0		0	
2019-08-18 07:10:39	136	136.2	https://travis-ci.org/SpenceKonde/ATTinyCore/jobs/573339007	push	false	false	master	634e5889ea9492d8d42386eba25fce66f16c1376	428ae3e9f26b...634e5889ea94	Fix keywords.txt	/home/travis/Arduino/hardware/ATTinyCore/avr/libraries/EEPROM/examples/eeprom_clear/eeprom_clear.ino	ATTinyCore:avr:attinyx4:LTO=disable,chip=84,clock=20external,eesave=disable,bod=1v8,pinmapping=old	1.6.13	738	9	2	false	0	0		0	
2019-08-18 07:10:44	136	136.2	https://travis-ci.org/SpenceKonde/ATTinyCore/jobs/573339007	push	false	false	master	634e5889ea9492d8d42386eba25fce66f16c1376	428ae3e9f26b...634e5889ea94	Fix keywords.txt	/home/travis/Arduino/hardware/ATTinyCore/avr/libraries/EEPROM/examples/eeprom_write/eeprom_write.ino	ATTinyCore:avr:attinyx4:LTO=disable,chip=84,clock=20external,eesave=disable,bod=1v8,pinmapping=old	1.6.13	668	12	2	false	0	0		0	
2019-08-18 07:10:49	136	136.2	https://travis-ci.org/SpenceKonde/ATTinyCore/jobs/573339007	push	false	false	master	634e5889ea9492d8d42386eba25fce66f16c1376	428ae3e9f26b...634e5889ea94	Fix keywords.txt	/home/travis/Arduino/hardware/ATTinyCore/avr/libraries/EEPROM/examples/eeprom_iteration/eeprom_iteration.ino	ATTinyCore:avr:attinyx4:LTO=disable,chip=84,clock=20external,eesave=disable,bod=1v8,pinmapping=old	1.6.13	518	9	4	false	0	0		0	
2019-08-18 07:10:53	136	136.2	https://travis-ci.org/SpenceKonde/ATTinyCore/jobs/573339007	push	false	false	master	634e5889ea9492d8d42386eba25fce66f16c1376	428ae3e9f26b...634e5889ea94	Fix keywords.txt	/home/travis/Arduino/hardware/ATTinyCore/avr/libraries/EEPROM/examples/eeprom_update/eeprom_update.ino	ATTinyCore:avr:attinyx4:LTO=disable,chip=84,clock=20external,eesave=disable,bod=1v8,pinmapping=old	1.6.13	716	12	2	false	0	0		0	
2019-08-18 07:10:58	136	136.2	https://travis-ci.org/SpenceKonde/ATTinyCore/jobs/573339007	push	false	false	master	634e5889ea9492d8d42386eba25fce66f16c1376	428ae3e9f26b...634e5889ea94	Fix keywords.txt	/home/travis/Arduino/hardware/ATTinyCore/avr/libraries/EEPROM/examples/eeprom_put/eeprom_put.ino	ATTinyCore:avr:attinyx4:LTO=disable,chip=84,clock=20external,eesave=disable,bod=1v8,pinmapping=old	1.6.13	1772	229	1	false	0	0		0	
2019-08-18 07:11:02	136	136.2	https://travis-ci.org/SpenceKonde/ATTinyCore/jobs/573339007	push	false	false	master	634e5889ea9492d8d42386eba25fce66f16c1376	428ae3e9f26b...634e5889ea94	Fix keywords.txt	/home/travis/Arduino/hardware/ATTinyCore/avr/libraries/ATTinyCore/examples/TemperatureRead/TemperatureRead.ino	ATTinyCore:avr:attinyx4:LTO=disable,chip=84,clock=20external,eesave=disable,bod=1v8,pinmapping=old	1.6.13	1988	92	1	false	0	0		0	
2019-08-18 07:11:07	136	136.2	https://travis-ci.org/SpenceKonde/ATTinyCore/jobs/573339007	push	false	false	master	634e5889ea9492d8d42386eba25fce66f16c1376	428ae3e9f26b...634e5889ea94	Fix keywords.txt	/home/travis/Arduino/hardware/ATTinyCore/avr/libraries/tinyNeoPixel_Static/examples/strandtest/strandtest.ino	ATTinyCore:avr:attinyx4:LTO=disable,chip=84,clock=20external,eesave=disable,bod=1v8,pinmapping=old	1.6.13	2562	208	6	false	0	0		0	
2019-08-18 07:11:12	136	136.2	https://travis-ci.org/SpenceKonde/ATTinyCore/jobs/573339007	push	false	false	master	634e5889ea9492d8d42386eba25fce66f16c1376	428ae3e9f26b...634e5889ea94	Fix keywords.txt	/home/travis/Arduino/hardware/ATTinyCore/avr/libraries/tinyNeoPixel_Static/examples/buttoncycler/buttoncycler.ino	ATTinyCore:avr:attinyx4:LTO=disable,chip=84,clock=20external,eesave=disable,bod=1v8,pinmapping=old	1.6.13	2866	80	6	false	0	0		0	
2019-08-18 07:11:17	136	136.2	https://travis-ci.org/SpenceKonde/ATTinyCore/jobs/573339007	push	false	false	master	634e5889ea9492d8d42386eba25fce66f16c1376	428ae3e9f26b...634e5889ea94	Fix keywords.txt	/home/travis/Arduino/hardware/ATTinyCore/avr/libraries/tinyNeoPixel_Static/examples/simple/simple.ino	ATTinyCore:avr:attinyx4:LTO=disable,chip=84,clock=20external,eesave=disable,bod=1v8,pinmapping=old	1.6.13	1712	78	2	false	0	0		0	
2019-08-18 07:11:22	136	136.2	https://travis-ci.org/SpenceKonde/ATTinyCore/jobs/573339007	push	false	false	master	634e5889ea9492d8d42386eba25fce66f16c1376	428ae3e9f26b...634e5889ea94	Fix keywords.txt	/home/travis/Arduino/hardware/ATTinyCore/avr/libraries/SPI/examples/BarometricPressureSensor/BarometricPressureSensor.ino	ATTinyCore:avr:attinyx4:LTO=disable,chip=84,clock=20external,eesave=disable,bod=1v8,pinmapping=old	1.6.13	6396	122	2	false	0	0		0	
2019-08-18 07:11:27	136	136.2	https://travis-ci.org/SpenceKonde/ATTinyCore/jobs/573339007	push	false	false	master	634e5889ea9492d8d42386eba25fce66f16c1376	428ae3e9f26b...634e5889ea94	Fix keywords.txt	/home/travis/Arduino/hardware/ATTinyCore/avr/libraries/SPI/examples/DigitalPotControl/DigitalPotControl.ino	ATTinyCore:avr:attinyx4:LTO=disable,chip=84,clock=20external,eesave=disable,bod=1v8,pinmapping=old	1.6.13	1342	14	1	false	0	0		0	
2019-08-18 07:11:32	136	136.2	https://travis-ci.org/SpenceKonde/ATTinyCore/jobs/573339007	push	false	false	master	634e5889ea9492d8d42386eba25fce66f16c1376	428ae3e9f26b...634e5889ea94	Fix keywords.txt	/home/travis/Arduino/hardware/ATTinyCore/avr/libraries/Wire/examples/SFRRanger_reader/SFRRanger_reader.ino	ATTinyCore:avr:attinyx4:LTO=disable,chip=84,clock=20external,eesave=disable,bod=1v8,pinmapping=old	1.6.13	3454	136	1	false	0	0		0	
2019-08-18 07:11:37	136	136.2	https://travis-ci.org/SpenceKonde/ATTinyCore/jobs/573339007	push	false	false	master	634e5889ea9492d8d42386eba25fce66f16c1376	428ae3e9f26b...634e5889ea94	Fix keywords.txt	/home/travis/Arduino/hardware/ATTinyCore/avr/libraries/Wire/examples/master_writer/master_writer.ino	ATTinyCore:avr:attinyx4:LTO=disable,chip=84,clock=20external,eesave=disable,bod=1v8,pinmapping=old	1.6.13	1792	65	1	false	0	0		0	
2019-08-18 07:11:42	136	136.2	https://travis-ci.org/SpenceKonde/ATTinyCore/jobs/573339007	push	false	false	master	634e5889ea9492d8d42386eba25fce66f16c1376	428ae3e9f26b...634e5889ea94	Fix keywords.txt	/home/travis/Arduino/hardware/ATTinyCore/avr/libraries/Wire/examples/digital_potentiometer/digital_potentiometer.ino	ATTinyCore:avr:attinyx4:LTO=disable,chip=84,clock=20external,eesave=disable,bod=1v8,pinmapping=old	1.6.13	1696	59	1	false	0	0		0	
2019-08-18 07:11:47	136	136.2	https://travis-ci.org/SpenceKonde/ATTinyCore/jobs/573339007	push	false	false	master	634e5889ea9492d8d42386eba25fce66f16c1376	428ae3e9f26b...634e5889ea94	Fix keywords.txt	/home/travis/Arduino/hardware/ATTinyCore/avr/libraries/Wire/examples/slave_receiver/slave_receiver.ino	ATTinyCore:avr:attinyx4:LTO=disable,chip=84,clock=20external,eesave=disable,bod=1v8,pinmapping=old	1.6.13	2694	132	2	false	0	0		0	
2019-08-18 07:11:52	136	136.2	https://travis-ci.org/SpenceKonde/ATTinyCore/jobs/573339007	push	false	false	master	634e5889ea9492d8d42386eba25fce66f16c1376	428ae3e9f26b...634e5889ea94	Fix keywords.txt	/home/travis/Arduino/hardware/ATTinyCore/avr/libraries/Wire/examples/master_reader/master_reader.ino	ATTinyCore:avr:attinyx4:LTO=disable,chip=84,clock=20external,eesave=disable,bod=1v8,pinmapping=old	1.6.13	2894	134	1	false	0	0		0	
2019-08-18 07:11:57	136	136.2	https://travis-ci.org/SpenceKonde/ATTinyCore/jobs/573339007	push	false	false	master	634e5889ea9492d8d42386eba25fce66f16c1376	428ae3e9f26b...634e5889ea94	Fix keywords.txt	/home/travis/Arduino/hardware/ATTinyCore/avr/libraries/Wire/examples/slave_sender/slave_sender.ino	ATTinyCore:avr:attinyx4:LTO=disable,chip=84,clock=20external,eesave=disable,bod=1v8,pinmapping=old	1.6.13	1440	65	1	false	0	0		0	
2019-08-18 07:12:03	136	136.2	https://travis-ci.org/SpenceKonde/ATTinyCore/jobs/573339007	push	false	false	master	634e5889ea9492d8d42386eba25fce66f16c1376	428ae3e9f26b...634e5889ea94	Fix keywords.txt	/home/travis/Arduino/hardware/ATTinyCore/avr/libraries/SoftwareSerial/examples/SoftwareSerialExample/SoftwareSerialExample.ino	ATTinyCore:avr:attinyx4:LTO=disable,chip=84,clock=20external,eesave=disable,bod=1v8,pinmapping=old	1.8.6	3184	224	8	false	0	0		0	
2019-08-18 07:12:06	136	136.2	https://travis-ci.org/SpenceKonde/ATTinyCore/jobs/573339007	push	false	false	master	634e5889ea9492d8d42386eba25fce66f16c1376	428ae3e9f26b...634e5889ea94	Fix keywords.txt	/home/travis/Arduino/hardware/ATTinyCore/avr/libraries/SoftwareSerial/examples/TwoPortReceive/TwoPortReceive.ino	ATTinyCore:avr:attinyx4:LTO=disable,chip=84,clock=20external,eesave=disable,bod=1v8,pinmapping=old	1.8.6	3256	265	8	false	0	0		0	
2019-08-18 07:12:09	136	136.2	https://travis-ci.org/SpenceKonde/ATTinyCore/jobs/573339007	push	false	false	master	634e5889ea9492d8d42386eba25fce66f16c1376	428ae3e9f26b...634e5889ea94	Fix keywords.txt	/home/travis/Arduino/hardware/ATTinyCore/avr/libraries/tinyNeoPixel/examples/strandtest/strandtest.ino	ATTinyCore:avr:attinyx4:LTO=disable,chip=84,clock=20external,eesave=disable,bod=1v8,pinmapping=old	1.8.6	3518	39	1	false	0	0		0	
2019-08-18 07:12:12	136	136.2	https://travis-ci.org/SpenceKonde/ATTinyCore/jobs/573339007	push	false	false	master	634e5889ea9492d8d42386eba25fce66f16c1376	428ae3e9f26b...634e5889ea94	Fix keywords.txt	/home/travis/Arduino/hardware/ATTinyCore/avr/libraries/tinyNeoPixel/examples/buttoncycler/buttoncycler.ino	ATTinyCore:avr:attinyx4:LTO=disable,chip=84,clock=20external,eesave=disable,bod=1v8,pinmapping=old	1.8.6	2638	41	1	false	0	0		0	
2019-08-18 07:12:15	136	136.2	https://travis-ci.org/SpenceKonde/ATTinyCore/jobs/573339007	push	false	false	master	634e5889ea9492d8d42386eba25fce66f16c1376	428ae3e9f26b...634e5889ea94	Fix keywords.txt	/home/travis/Arduino/hardware/ATTinyCore/avr/libraries/tinyNeoPixel/examples/RGBWstrandtest/RGBWstrandtest.ino	ATTinyCore:avr:attinyx4:LTO=disable,chip=84,clock=20external,eesave=disable,bod=1v8,pinmapping=old	1.8.6				false	1				
2019-08-18 07:12:18	136	136.2	https://travis-ci.org/SpenceKonde/ATTinyCore/jobs/573339007	push	false	false	master	634e5889ea9492d8d42386eba25fce66f16c1376	428ae3e9f26b...634e5889ea94	Fix keywords.txt	/home/travis/Arduino/hardware/ATTinyCore/avr/libraries/tinyNeoPixel/examples/simple/simple.ino	ATTinyCore:avr:attinyx4:LTO=disable,chip=84,clock=20external,eesave=disable,bod=1v8,pinmapping=old	1.8.6	2638	41	1	false	0	0		0	
2019-08-18 07:12:21	136	136.2	https://travis-ci.org/SpenceKonde/ATTinyCore/jobs/573339007	push	false	false	master	634e5889ea9492d8d42386eba25fce66f16c1376	428ae3e9f26b...634e5889ea94	Fix keywords.txt	/home/travis/Arduino/hardware/ATTinyCore/avr/libraries/Servo/examples/Knob/Knob.ino	ATTinyCore:avr:attinyx4:LTO=disable,chip=84,clock=20external,eesave=disable,bod=1v8,pinmapping=old	1.8.6	2462	55	2	false	0	0		0	
2019-08-18 07:12:24	136	136.2	https://travis-ci.org/SpenceKonde/ATTinyCore/jobs/573339007	push	false	false	master	634e5889ea9492d8d42386eba25fce66f16c1376	428ae3e9f26b...634e5889ea94	Fix keywords.txt	/home/travis/Arduino/hardware/ATTinyCore/avr/libraries/Servo/examples/Sweep/Sweep.ino	ATTinyCore:avr:attinyx4:LTO=disable,chip=84,clock=20external,eesave=disable,bod=1v8,pinmapping=old	1.8.6	2418	52	2	false	0	0		0	
2019-08-18 07:12:27	136	136.2	https://travis-ci.org/SpenceKonde/ATTinyCore/jobs/573339007	push	false	false	master	634e5889ea9492d8d42386eba25fce66f16c1376	428ae3e9f26b...634e5889ea94	Fix keywords.txt	/home/travis/Arduino/hardware/ATTinyCore/avr/libraries/EEPROM/examples/eeprom_get/eeprom_get.ino	ATTinyCore:avr:attinyx4:LTO=disable,chip=84,clock=20external,eesave=disable,bod=1v8,pinmapping=old	1.8.6	3430	139	1	false	0	0		0	
2019-08-18 07:12:30	136	136.2	https://travis-ci.org/SpenceKonde/ATTinyCore/jobs/573339007	push	false	false	master	634e5889ea9492d8d42386eba25fce66f16c1376	428ae3e9f26b...634e5889ea94	Fix keywords.txt	/home/travis/Arduino/hardware/ATTinyCore/avr/libraries/EEPROM/examples/eeprom_crc/eeprom_crc.ino	ATTinyCore:avr:attinyx4:LTO=disable,chip=84,clock=20external,eesave=disable,bod=1v8,pinmapping=old	1.8.6	2058	193	2	false	0	0		0	
2019-08-18 07:12:33	136	136.2	https://travis-ci.org/SpenceKonde/ATTinyCore/jobs/573339007	push	false	false	master	634e5889ea9492d8d42386eba25fce66f16c1376	428ae3e9f26b...634e5889ea94	Fix keywords.txt	/home/travis/Arduino/hardware/ATTinyCore/avr/libraries/EEPROM/examples/eeprom_read/eeprom_read.ino	ATTinyCore:avr:attinyx4:LTO=disable,chip=84,clock=20external,eesave=disable,bod=1v8,pinmapping=old	1.8.6	2022	84	2	false	0	0		0	
2019-08-18 07:12:36	136	136.2	https://travis-ci.org/SpenceKonde/ATTinyCore/jobs/573339007	push	false	false	master	634e5889ea9492d8d42386eba25fce66f16c1376	428ae3e9f26b...634e5889ea94	Fix keywords.txt	/home/travis/Arduino/hardware/ATTinyCore/avr/libraries/EEPROM/examples/eeprom_clear/eeprom_clear.ino	ATTinyCore:avr:attinyx4:LTO=disable,chip=84,clock=20external,eesave=disable,bod=1v8,pinmapping=old	1.8.6	726	9	2	false	0	0		0	
2019-08-18 07:12:39	136	136.2	https://travis-ci.org/SpenceKonde/ATTinyCore/jobs/573339007	push	false	false	master	634e5889ea9492d8d42386eba25fce66f16c1376	428ae3e9f26b...634e5889ea94	Fix keywords.txt	/home/travis/Arduino/hardware/ATTinyCore/avr/libraries/EEPROM/examples/eeprom_write/eeprom_write.ino	ATTinyCore:avr:attinyx4:LTO=disable,chip=84,clock=20external,eesave=disable,bod=1v8,pinmapping=old	1.8.6	668	12	2	false	0	0		0	
2019-08-18 07:12:42	136	136.2	https://travis-ci.org/SpenceKonde/ATTinyCore/jobs/573339007	push	false	false	master	634e5889ea9492d8d42386eba25fce66f16c1376	428ae3e9f26b...634e5889ea94	Fix keywords.txt	/home/travis/Arduino/hardware/ATTinyCore/avr/libraries/EEPROM/examples/eeprom_iteration/eeprom_iteration.ino	ATTinyCore:avr:attinyx4:LTO=disable,chip=84,clock=20external,eesave=disable,bod=1v8,pinmapping=old	1.8.6	506	9	4	false	0	0		0	
2019-08-18 07:12:45	136	136.2	https://travis-ci.org/SpenceKonde/ATTinyCore/jobs/573339007	push	false	false	master	634e5889ea9492d8d42386eba25fce66f16c1376	428ae3e9f26b...634e5889ea94	Fix keywords.txt	/home/travis/Arduino/hardware/ATTinyCore/avr/libraries/EEPROM/examples/eeprom_update/eeprom_update.ino	ATTinyCore:avr:attinyx4:LTO=disable,chip=84,clock=20external,eesave=disable,bod=1v8,pinmapping=old	1.8.6	716	12	2	false	0	0		0	
2019-08-18 07:12:48	136	136.2	https://travis-ci.org/SpenceKonde/ATTinyCore/jobs/573339007	push	false	false	master	634e5889ea9492d8d42386eba25fce66f16c1376	428ae3e9f26b...634e5889ea94	Fix keywords.txt	/home/travis/Arduino/hardware/ATTinyCore/avr/libraries/EEPROM/examples/eeprom_put/eeprom_put.ino	ATTinyCore:avr:attinyx4:LTO=disable,chip=84,clock=20external,eesave=disable,bod=1v8,pinmapping=old	1.8.6	1726	223	1	false	0	0		0	
2019-08-18 07:12:51	136	136.2	https://travis-ci.org/SpenceKonde/ATTinyCore/jobs/573339007	push	false	false	master	634e5889ea9492d8d42386eba25fce66f16c1376	428ae3e9f26b...634e5889ea94	Fix keywords.txt	/home/travis/Arduino/hardware/ATTinyCore/avr/libraries/ATTinyCore/examples/TemperatureRead/TemperatureRead.ino	ATTinyCore:avr:attinyx4:LTO=disable,chip=84,clock=20external,eesave=disable,bod=1v8,pinmapping=old	1.8.6	1968	86	1	false	0	0		0	
2019-08-18 07:12:54	136	136.2	https://travis-ci.org/SpenceKonde/ATTinyCore/jobs/573339007	push	false	false	master	634e5889ea9492d8d42386eba25fce66f16c1376	428ae3e9f26b...634e5889ea94	Fix keywords.txt	/home/travis/Arduino/hardware/ATTinyCore/avr/libraries/tinyNeoPixel_Static/examples/strandtest/strandtest.ino	ATTinyCore:avr:attinyx4:LTO=disable,chip=84,clock=20external,eesave=disable,bod=1v8,pinmapping=old	1.8.6	2552	208	6	false	0	0		0	
2019-08-18 07:12:57	136	136.2	https://travis-ci.org/SpenceKonde/ATTinyCore/jobs/573339007	push	false	false	master	634e5889ea9492d8d42386eba25fce66f16c1376	428ae3e9f26b...634e5889ea94	Fix keywords.txt	/home/travis/Arduino/hardware/ATTinyCore/avr/libraries/tinyNeoPixel_Static/examples/buttoncycler/buttoncycler.ino	ATTinyCore:avr:attinyx4:LTO=disable,chip=84,clock=20external,eesave=disable,bod=1v8,pinmapping=old	1.8.6	2870	80	6	false	0	0		0	
2019-08-18 07:13:00	136	136.2	https://travis-ci.org/SpenceKonde/ATTinyCore/jobs/573339007	push	false	false	master	634e5889ea9492d8d42386eba25fce66f16c1376	428ae3e9f26b...634e5889ea94	Fix keywords.txt	/home/travis/Arduino/hardware/ATTinyCore/avr/libraries/tinyNeoPixel_Static/examples/simple/simple.ino	ATTinyCore:avr:attinyx4:LTO=disable,chip=84,clock=20external,eesave=disable,bod=1v8,pinmapping=old	1.8.6	1702	78	2	false	0	0		0	
2019-08-18 07:13:03	136	136.2	https://travis-ci.org/SpenceKonde/ATTinyCore/jobs/573339007	push	false	false	master	634e5889ea9492d8d42386eba25fce66f16c1376	428ae3e9f26b...634e5889ea94	Fix keywords.txt	/home/travis/Arduino/hardware/ATTinyCore/avr/libraries/SPI/examples/BarometricPressureSensor/BarometricPressureSensor.ino	ATTinyCore:avr:attinyx4:LTO=disable,chip=84,clock=20external,eesave=disable,bod=1v8,pinmapping=old	1.8.6	6320	122	2	false	0	0		0	
2019-08-18 07:13:06	136	136.2	https://travis-ci.org/SpenceKonde/ATTinyCore/jobs/573339007	push	false	false	master	634e5889ea9492d8d42386eba25fce66f16c1376	428ae3e9f26b...634e5889ea94	Fix keywords.txt	/home/travis/Arduino/hardware/ATTinyCore/avr/libraries/SPI/examples/DigitalPotControl/DigitalPotControl.ino	ATTinyCore:avr:attinyx4:LTO=disable,chip=84,clock=20external,eesave=disable,bod=1v8,pinmapping=old	1.8.6	1316	14	1	false	0	0		0	
2019-08-18 07:13:10	136	136.2	https://travis-ci.org/SpenceKonde/ATTinyCore/jobs/573339007	push	false	false	master	634e5889ea9492d8d42386eba25fce66f16c1376	428ae3e9f26b...634e5889ea94	Fix keywords.txt	/home/travis/Arduino/hardware/ATTinyCore/avr/libraries/Wire/examples/SFRRanger_reader/SFRRanger_reader.ino	ATTinyCore:avr:attinyx4:LTO=disable,chip=84,clock=20external,eesave=disable,bod=1v8,pinmapping=old	1.8.6	3434	130	1	false	0	0		0	
2019-08-18 07:13:13	136	136.2	https://travis-ci.org/SpenceKonde/ATTinyCore/jobs/573339007	push	false	false	master	634e5889ea9492d8d42386eba25fce66f16c1376	428ae3e9f26b...634e5889ea94	Fix keywords.txt	/home/travis/Arduino/hardware/ATTinyCore/avr/libraries/Wire/examples/master_writer/master_writer.ino	ATTinyCore:avr:attinyx4:LTO=disable,chip=84,clock=20external,eesave=disable,bod=1v8,pinmapping=old	1.8.6	1792	65	1	false	0	0		0	
2019-08-18 07:13:16	136	136.2	https://travis-ci.org/SpenceKonde/ATTinyCore/jobs/573339007	push	false	false	master	634e5889ea9492d8d42386eba25fce66f16c1376	428ae3e9f26b...634e5889ea94	Fix keywords.txt	/home/travis/Arduino/hardware/ATTinyCore/avr/libraries/Wire/examples/digital_potentiometer/digital_potentiometer.ino	ATTinyCore:avr:attinyx4:LTO=disable,chip=84,clock=20external,eesave=disable,bod=1v8,pinmapping=old	1.8.6	1696	59	1	false	0	0		0	
2019-08-18 07:13:19	136	136.2	https://travis-ci.org/SpenceKonde/ATTinyCore/jobs/573339007	push	false	false	master	634e5889ea9492d8d42386eba25fce66f16c1376	428ae3e9f26b...634e5889ea94	Fix keywords.txt	/home/travis/Arduino/hardware/ATTinyCore/avr/libraries/Wire/examples/slave_receiver/slave_receiver.ino	ATTinyCore:avr:attinyx4:LTO=disable,chip=84,clock=20external,eesave=disable,bod=1v8,pinmapping=old	1.8.6	2660	126	2	false	0	0		0	
2019-08-18 07:13:23	136	136.2	https://travis-ci.org/SpenceKonde/ATTinyCore/jobs/573339007	push	false	false	master	634e5889ea9492d8d42386eba25fce66f16c1376	428ae3e9f26b...634e5889ea94	Fix keywords.txt	/home/travis/Arduino/hardware/ATTinyCore/avr/libraries/Wire/examples/master_reader/master_reader.ino	ATTinyCore:avr:attinyx4:LTO=disable,chip=84,clock=20external,eesave=disable,bod=1v8,pinmapping=old	1.8.6	2872	128	1	false	0	0		0	
2019-08-18 07:13:26	136	136.2	https://travis-ci.org/SpenceKonde/ATTinyCore/jobs/573339007	push	false	false	master	634e5889ea9492d8d42386eba25fce66f16c1376	428ae3e9f26b...634e5889ea94	Fix keywords.txt	/home/travis/Arduino/hardware/ATTinyCore/avr/libraries/Wire/examples/slave_sender/slave_sender.ino	ATTinyCore:avr:attinyx4:LTO=disable,chip=84,clock=20external,eesave=disable,bod=1v8,pinmapping=old	1.8.6	1426	65	1	false	0	0		0	
2019-08-18 07:13:31	136	136.2	https://travis-ci.org/SpenceKonde/ATTinyCore/jobs/573339007	push	false	false	master	634e5889ea9492d8d42386eba25fce66f16c1376	428ae3e9f26b...634e5889ea94	Fix keywords.txt	/home/travis/Arduino/hardware/ATTinyCore/avr/libraries/SoftwareSerial/examples/SoftwareSerialExample/SoftwareSerialExample.ino	ATTinyCore:avr:attinyx4:LTO=disable,chip=84,clock=20external,eesave=disable,bod=1v8,pinmapping=old	1.8.9	3184	224	8	false	0	0		0	
2019-08-18 07:13:35	136	136.2	https://travis-ci.org/SpenceKonde/ATTinyCore/jobs/573339007	push	false	false	master	634e5889ea9492d8d42386eba25fce66f16c1376	428ae3e9f26b...634e5889ea94	Fix keywords.txt	/home/travis/Arduino/hardware/ATTinyCore/avr/libraries/SoftwareSerial/examples/TwoPortReceive/TwoPortReceive.ino	ATTinyCore:avr:attinyx4:LTO=disable,chip=84,clock=20external,eesave=disable,bod=1v8,pinmapping=old	1.8.9	3256	265	8	false	0	0		0	
2019-08-18 07:13:38	136	136.2	https://travis-ci.org/SpenceKonde/ATTinyCore/jobs/573339007	push	false	false	master	634e5889ea9492d8d42386eba25fce66f16c1376	428ae3e9f26b...634e5889ea94	Fix keywords.txt	/home/travis/Arduino/hardware/ATTinyCore/avr/libraries/tinyNeoPixel/examples/strandtest/strandtest.ino	ATTinyCore:avr:attinyx4:LTO=disable,chip=84,clock=20external,eesave=disable,bod=1v8,pinmapping=old	1.8.9	3518	39	1	false	0	0		0	
2019-08-18 07:13:40	136	136.2	https://travis-ci.org/SpenceKonde/ATTinyCore/jobs/573339007	push	false	false	master	634e5889ea9492d8d42386eba25fce66f16c1376	428ae3e9f26b...634e5889ea94	Fix keywords.txt	/home/travis/Arduino/hardware/ATTinyCore/avr/libraries/tinyNeoPixel/examples/buttoncycler/buttoncycler.ino	ATTinyCore:avr:attinyx4:LTO=disable,chip=84,clock=20external,eesave=disable,bod=1v8,pinmapping=old	1.8.9	2638	41	1	false	0	0		0	
2019-08-18 07:13:44	136	136.2	https://travis-ci.org/SpenceKonde/ATTinyCore/jobs/573339007	push	false	false	master	634e5889ea9492d8d42386eba25fce66f16c1376	428ae3e9f26b...634e5889ea94	Fix keywords.txt	/home/travis/Arduino/hardware/ATTinyCore/avr/libraries/tinyNeoPixel/examples/RGBWstrandtest/RGBWstrandtest.ino	ATTinyCore:avr:attinyx4:LTO=disable,chip=84,clock=20external,eesave=disable,bod=1v8,pinmapping=old	1.8.9				false	1				
2019-08-18 07:13:47	136	136.2	https://travis-ci.org/SpenceKonde/ATTinyCore/jobs/573339007	push	false	false	master	634e5889ea9492d8d42386eba25fce66f16c1376	428ae3e9f26b...634e5889ea94	Fix keywords.txt	/home/travis/Arduino/hardware/ATTinyCore/avr/libraries/tinyNeoPixel/examples/simple/simple.ino	ATTinyCore:avr:attinyx4:LTO=disable,chip=84,clock=20external,eesave=disable,bod=1v8,pinmapping=old	1.8.9	2638	41	1	false	0	0		0	
2019-08-18 07:13:50	136	136.2	https://travis-ci.org/SpenceKonde/ATTinyCore/jobs/573339007	push	false	false	master	634e5889ea9492d8d42386eba25fce66f16c1376	428ae3e9f26b...634e5889ea94	Fix keywords.txt	/home/travis/Arduino/hardware/ATTinyCore/avr/libraries/Servo/examples/Knob/Knob.ino	ATTinyCore:avr:attinyx4:LTO=disable,chip=84,clock=20external,eesave=disable,bod=1v8,pinmapping=old	1.8.9	2462	55	2	false	0	0		0	
2019-08-18 07:13:53	136	136.2	https://travis-ci.org/SpenceKonde/ATTinyCore/jobs/573339007	push	false	false	master	634e5889ea9492d8d42386eba25fce66f16c1376	428ae3e9f26b...634e5889ea94	Fix keywords.txt	/home/travis/Arduino/hardware/ATTinyCore/avr/libraries/Servo/examples/Sweep/Sweep.ino	ATTinyCore:avr:attinyx4:LTO=disable,chip=84,clock=20external,eesave=disable,bod=1v8,pinmapping=old	1.8.9	2418	52	2	false	0	0		0	
2019-08-18 07:13:56	136	136.2	https://travis-ci.org/SpenceKonde/ATTinyCore/jobs/573339007	push	false	false	master	634e5889ea9492d8d42386eba25fce66f16c1376	428ae3e9f26b...634e5889ea94	Fix keywords.txt	/home/travis/Arduino/hardware/ATTinyCore/avr/libraries/EEPROM/examples/eeprom_get/eeprom_get.ino	ATTinyCore:avr:attinyx4:LTO=disable,chip=84,clock=20external,eesave=disable,bod=1v8,pinmapping=old	1.8.9	3430	139	1	false	0	0		0	
2019-08-18 07:13:59	136	136.2	https://travis-ci.org/SpenceKonde/ATTinyCore/jobs/573339007	push	false	false	master	634e5889ea9492d8d42386eba25fce66f16c1376	428ae3e9f26b...634e5889ea94	Fix keywords.txt	/home/travis/Arduino/hardware/ATTinyCore/avr/libraries/EEPROM/examples/eeprom_crc/eeprom_crc.ino	ATTinyCore:avr:attinyx4:LTO=disable,chip=84,clock=20external,eesave=disable,bod=1v8,pinmapping=old	1.8.9	2058	193	2	false	0	0		0	
2019-08-18 07:14:01	136	136.2	https://travis-ci.org/SpenceKonde/ATTinyCore/jobs/573339007	push	false	false	master	634e5889ea9492d8d42386eba25fce66f16c1376	428ae3e9f26b...634e5889ea94	Fix keywords.txt	/home/travis/Arduino/hardware/ATTinyCore/avr/libraries/EEPROM/examples/eeprom_read/eeprom_read.ino	ATTinyCore:avr:attinyx4:LTO=disable,chip=84,clock=20external,eesave=disable,bod=1v8,pinmapping=old	1.8.9	2022	84	2	false	0	0		0	
2019-08-18 07:14:04	136	136.2	https://travis-ci.org/SpenceKonde/ATTinyCore/jobs/573339007	push	false	false	master	634e5889ea9492d8d42386eba25fce66f16c1376	428ae3e9f26b...634e5889ea94	Fix keywords.txt	/home/travis/Arduino/hardware/ATTinyCore/avr/libraries/EEPROM/examples/eeprom_clear/eeprom_clear.ino	ATTinyCore:avr:attinyx4:LTO=disable,chip=84,clock=20external,eesave=disable,bod=1v8,pinmapping=old	1.8.9	726	9	2	false	0	0		0	
2019-08-18 07:14:07	136	136.2	https://travis-ci.org/SpenceKonde/ATTinyCore/jobs/573339007	push	false	false	master	634e5889ea9492d8d42386eba25fce66f16c1376	428ae3e9f26b...634e5889ea94	Fix keywords.txt	/home/travis/Arduino/hardware/ATTinyCore/avr/libraries/EEPROM/examples/eeprom_write/eeprom_write.ino	ATTinyCore:avr:attinyx4:LTO=disable,chip=84,clock=20external,eesave=disable,bod=1v8,pinmapping=old	1.8.9	668	12	2	false	0	0		0	
2019-08-18 07:14:10	136	136.2	https://travis-ci.org/SpenceKonde/ATTinyCore/jobs/573339007	push	false	false	master	634e5889ea9492d8d42386eba25fce66f16c1376	428ae3e9f26b...634e5889ea94	Fix keywords.txt	/home/travis/Arduino/hardware/ATTinyCore/avr/libraries/EEPROM/examples/eeprom_iteration/eeprom_iteration.ino	ATTinyCore:avr:attinyx4:LTO=disable,chip=84,clock=20external,eesave=disable,bod=1v8,pinmapping=old	1.8.9	506	9	4	false	0	0		0	
2019-08-18 07:14:13	136	136.2	https://travis-ci.org/SpenceKonde/ATTinyCore/jobs/573339007	push	false	false	master	634e5889ea9492d8d42386eba25fce66f16c1376	428ae3e9f26b...634e5889ea94	Fix keywords.txt	/home/travis/Arduino/hardware/ATTinyCore/avr/libraries/EEPROM/examples/eeprom_update/eeprom_update.ino	ATTinyCore:avr:attinyx4:LTO=disable,chip=84,clock=20external,eesave=disable,bod=1v8,pinmapping=old	1.8.9	716	12	2	false	0	0		0	
2019-08-18 07:14:16	136	136.2	https://travis-ci.org/SpenceKonde/ATTinyCore/jobs/573339007	push	false	false	master	634e5889ea9492d8d42386eba25fce66f16c1376	428ae3e9f26b...634e5889ea94	Fix keywords.txt	/home/travis/Arduino/hardware/ATTinyCore/avr/libraries/EEPROM/examples/eeprom_put/eeprom_put.ino	ATTinyCore:avr:attinyx4:LTO=disable,chip=84,clock=20external,eesave=disable,bod=1v8,pinmapping=old	1.8.9	1726	223	1	false	0	0		0	
2019-08-18 07:14:19	136	136.2	https://travis-ci.org/SpenceKonde/ATTinyCore/jobs/573339007	push	false	false	master	634e5889ea9492d8d42386eba25fce66f16c1376	428ae3e9f26b...634e5889ea94	Fix keywords.txt	/home/travis/Arduino/hardware/ATTinyCore/avr/libraries/ATTinyCore/examples/TemperatureRead/TemperatureRead.ino	ATTinyCore:avr:attinyx4:LTO=disable,chip=84,clock=20external,eesave=disable,bod=1v8,pinmapping=old	1.8.9	1968	86	1	false	0	0		0	
2019-08-18 07:14:22	136	136.2	https://travis-ci.org/SpenceKonde/ATTinyCore/jobs/573339007	push	false	false	master	634e5889ea9492d8d42386eba25fce66f16c1376	428ae3e9f26b...634e5889ea94	Fix keywords.txt	/home/travis/Arduino/hardware/ATTinyCore/avr/libraries/tinyNeoPixel_Static/examples/strandtest/strandtest.ino	ATTinyCore:avr:attinyx4:LTO=disable,chip=84,clock=20external,eesave=disable,bod=1v8,pinmapping=old	1.8.9	2552	208	6	false	0	0		0	
2019-08-18 07:14:25	136	136.2	https://travis-ci.org/SpenceKonde/ATTinyCore/jobs/573339007	push	false	false	master	634e5889ea9492d8d42386eba25fce66f16c1376	428ae3e9f26b...634e5889ea94	Fix keywords.txt	/home/travis/Arduino/hardware/ATTinyCore/avr/libraries/tinyNeoPixel_Static/examples/buttoncycler/buttoncycler.ino	ATTinyCore:avr:attinyx4:LTO=disable,chip=84,clock=20external,eesave=disable,bod=1v8,pinmapping=old	1.8.9	2870	80	6	false	0	0		0	
2019-08-18 07:14:28	136	136.2	https://travis-ci.org/SpenceKonde/ATTinyCore/jobs/573339007	push	false	false	master	634e5889ea9492d8d42386eba25fce66f16c1376	428ae3e9f26b...634e5889ea94	Fix keywords.txt	/home/travis/Arduino/hardware/ATTinyCore/avr/libraries/tinyNeoPixel_Static/examples/simple/simple.ino	ATTinyCore:avr:attinyx4:LTO=disable,chip=84,clock=20external,eesave=disable,bod=1v8,pinmapping=old	1.8.9	1702	78	2	false	0	0		0	
2019-08-18 07:14:32	136	136.2	https://travis-ci.org/SpenceKonde/ATTinyCore/jobs/573339007	push	false	false	master	634e5889ea9492d8d42386eba25fce66f16c1376	428ae3e9f26b...634e5889ea94	Fix keywords.txt	/home/travis/Arduino/hardware/ATTinyCore/avr/libraries/SPI/examples/BarometricPressureSensor/BarometricPressureSensor.ino	ATTinyCore:avr:attinyx4:LTO=disable,chip=84,clock=20external,eesave=disable,bod=1v8,pinmapping=old	1.8.9	6320	122	2	false	0	0		0	
2019-08-18 07:14:35	136	136.2	https://travis-ci.org/SpenceKonde/ATTinyCore/jobs/573339007	push	false	false	master	634e5889ea9492d8d42386eba25fce66f16c1376	428ae3e9f26b...634e5889ea94	Fix keywords.txt	/home/travis/Arduino/hardware/ATTinyCore/avr/libraries/SPI/examples/DigitalPotControl/DigitalPotControl.ino	ATTinyCore:avr:attinyx4:LTO=disable,chip=84,clock=20external,eesave=disable,bod=1v8,pinmapping=old	1.8.9	1316	14	1	false	0	0		0	
2019-08-18 07:14:38	136	136.2	https://travis-ci.org/SpenceKonde/ATTinyCore/jobs/573339007	push	false	false	master	634e5889ea9492d8d42386eba25fce66f16c1376	428ae3e9f26b...634e5889ea94	Fix keywords.txt	/home/travis/Arduino/hardware/ATTinyCore/avr/libraries/Wire/examples/SFRRanger_reader/SFRRanger_reader.ino	ATTinyCore:avr:attinyx4:LTO=disable,chip=84,clock=20external,eesave=disable,bod=1v8,pinmapping=old	1.8.9	3434	130	1	false	0	0		0	
2019-08-18 07:14:41	136	136.2	https://travis-ci.org/SpenceKonde/ATTinyCore/jobs/573339007	push	false	false	master	634e5889ea9492d8d42386eba25fce66f16c1376	428ae3e9f26b...634e5889ea94	Fix keywords.txt	/home/travis/Arduino/hardware/ATTinyCore/avr/libraries/Wire/examples/master_writer/master_writer.ino	ATTinyCore:avr:attinyx4:LTO=disable,chip=84,clock=20external,eesave=disable,bod=1v8,pinmapping=old	1.8.9	1792	65	1	false	0	0		0	
2019-08-18 07:14:44	136	136.2	https://travis-ci.org/SpenceKonde/ATTinyCore/jobs/573339007	push	false	false	master	634e5889ea9492d8d42386eba25fce66f16c1376	428ae3e9f26b...634e5889ea94	Fix keywords.txt	/home/travis/Arduino/hardware/ATTinyCore/avr/libraries/Wire/examples/digital_potentiometer/digital_potentiometer.ino	ATTinyCore:avr:attinyx4:LTO=disable,chip=84,clock=20external,eesave=disable,bod=1v8,pinmapping=old	1.8.9	1696	59	1	false	0	0		0	
2019-08-18 07:14:47	136	136.2	https://travis-ci.org/SpenceKonde/ATTinyCore/jobs/573339007	push	false	false	master	634e5889ea9492d8d42386eba25fce66f16c1376	428ae3e9f26b...634e5889ea94	Fix keywords.txt	/home/travis/Arduino/hardware/ATTinyCore/avr/libraries/Wire/examples/slave_receiver/slave_receiver.ino	ATTinyCore:avr:attinyx4:LTO=disable,chip=84,clock=20external,eesave=disable,bod=1v8,pinmapping=old	1.8.9	2660	126	2	false	0	0		0	
2019-08-18 07:14:50	136	136.2	https://travis-ci.org/SpenceKonde/ATTinyCore/jobs/573339007	push	false	false	master	634e5889ea9492d8d42386eba25fce66f16c1376	428ae3e9f26b...634e5889ea94	Fix keywords.txt	/home/travis/Arduino/hardware/ATTinyCore/avr/libraries/Wire/examples/master_reader/master_reader.ino	ATTinyCore:avr:attinyx4:LTO=disable,chip=84,clock=20external,eesave=disable,bod=1v8,pinmapping=old	1.8.9	2872	128	1	false	0	0		0	
2019-08-18 07:14:53	136	136.2	https://travis-ci.org/SpenceKonde/ATTinyCore/jobs/573339007	push	false	false	master	634e5889ea9492d8d42386eba25fce66f16c1376	428ae3e9f26b...634e5889ea94	Fix keywords.txt	/home/travis/Arduino/hardware/ATTinyCore/avr/libraries/Wire/examples/slave_sender/slave_sender.ino	ATTinyCore:avr:attinyx4:LTO=disable,chip=84,clock=20external,eesave=disable,bod=1v8,pinmapping=old	1.8.9	1426	65	1	false	0	0		0	
