Build Timestamp (UTC)	Build	Job	Job URL	Build Trigger	Allow Job Failure	PR#	Branch	Commit	Commit Range	Commit Message	Sketch Filename	Board ID	IDE Version	Program Storage (bytes)	Dynamic Memory (bytes)	# Warnings	Allow Failure	Exit Status	# Board Issues	Board Issue	# Library Issues	Library Issue
2021-02-04 11:24:14	521	521.74	https://travis-ci.org/SpenceKonde/ATTinyCore/jobs/757511015	push		false	master	2a72f6e53e98eafc92095c0c121c18944ea12fcd	f108b86434ed...2a72f6e53e98	ignore word path	/home/travis/Arduino/hardware/ATTinyCore/avr/libraries/SoftwareSerial/examples/SoftwareSerialExample/SoftwareSerialExample.ino	ATTinyCore:avr:attinyx7:LTO=disable,chip=167,clock=14external,eesave=aenable,bod=1v8,neopixelport=portb,millis=enabled,pinmapping=new	1.6.7	3200	244	4	false	0	0		0	
2021-02-04 11:24:18	521	521.74	https://travis-ci.org/SpenceKonde/ATTinyCore/jobs/757511015	push		false	master	2a72f6e53e98eafc92095c0c121c18944ea12fcd	f108b86434ed...2a72f6e53e98	ignore word path	/home/travis/Arduino/hardware/ATTinyCore/avr/libraries/SoftwareSerial/examples/TwoPortReceive/TwoPortReceive.ino	ATTinyCore:avr:attinyx7:LTO=disable,chip=167,clock=14external,eesave=aenable,bod=1v8,neopixelport=portb,millis=enabled,pinmapping=new	1.6.7	3286	285	4	false	0	0		0	
2021-02-04 11:24:21	521	521.74	https://travis-ci.org/SpenceKonde/ATTinyCore/jobs/757511015	push		false	master	2a72f6e53e98eafc92095c0c121c18944ea12fcd	f108b86434ed...2a72f6e53e98	ignore word path	/home/travis/Arduino/hardware/ATTinyCore/avr/libraries/tinyNeoPixel/examples/strandtest/strandtest.ino	ATTinyCore:avr:attinyx7:LTO=disable,chip=167,clock=14external,eesave=aenable,bod=1v8,neopixelport=portb,millis=enabled,pinmapping=new	1.6.7	3704	40	0	false	0	0		0	
2021-02-04 11:24:25	521	521.74	https://travis-ci.org/SpenceKonde/ATTinyCore/jobs/757511015	push		false	master	2a72f6e53e98eafc92095c0c121c18944ea12fcd	f108b86434ed...2a72f6e53e98	ignore word path	/home/travis/Arduino/hardware/ATTinyCore/avr/libraries/tinyNeoPixel/examples/buttoncycler/buttoncycler.ino	ATTinyCore:avr:attinyx7:LTO=disable,chip=167,clock=14external,eesave=aenable,bod=1v8,neopixelport=portb,millis=enabled,pinmapping=new	1.6.7	2720	42	0	false	0	0		0	
2021-02-04 11:24:29	521	521.74	https://travis-ci.org/SpenceKonde/ATTinyCore/jobs/757511015	push		false	master	2a72f6e53e98eafc92095c0c121c18944ea12fcd	f108b86434ed...2a72f6e53e98	ignore word path	/home/travis/Arduino/hardware/ATTinyCore/avr/libraries/tinyNeoPixel/examples/RGBWstrandtest/RGBWstrandtest.ino	ATTinyCore:avr:attinyx7:LTO=disable,chip=167,clock=14external,eesave=aenable,bod=1v8,neopixelport=portb,millis=enabled,pinmapping=new	1.6.7	6492	383	6	false	0	0		0	
2021-02-04 11:24:33	521	521.74	https://travis-ci.org/SpenceKonde/ATTinyCore/jobs/757511015	push		false	master	2a72f6e53e98eafc92095c0c121c18944ea12fcd	f108b86434ed...2a72f6e53e98	ignore word path	/home/travis/Arduino/hardware/ATTinyCore/avr/libraries/tinyNeoPixel/examples/simple/simple.ino	ATTinyCore:avr:attinyx7:LTO=disable,chip=167,clock=14external,eesave=aenable,bod=1v8,neopixelport=portb,millis=enabled,pinmapping=new	1.6.7	2720	42	0	false	0	0		0	
2021-02-04 11:24:37	521	521.74	https://travis-ci.org/SpenceKonde/ATTinyCore/jobs/757511015	push		false	master	2a72f6e53e98eafc92095c0c121c18944ea12fcd	f108b86434ed...2a72f6e53e98	ignore word path	/home/travis/Arduino/hardware/ATTinyCore/avr/libraries/Servo/examples/Knob/Knob.ino	ATTinyCore:avr:attinyx7:LTO=disable,chip=167,clock=14external,eesave=aenable,bod=1v8,neopixelport=portb,millis=enabled,pinmapping=new	1.6.7	2852	60	2	false	0	0		0	
2021-02-04 11:24:40	521	521.74	https://travis-ci.org/SpenceKonde/ATTinyCore/jobs/757511015	push		false	master	2a72f6e53e98eafc92095c0c121c18944ea12fcd	f108b86434ed...2a72f6e53e98	ignore word path	/home/travis/Arduino/hardware/ATTinyCore/avr/libraries/Servo/examples/Sweep/Sweep.ino	ATTinyCore:avr:attinyx7:LTO=disable,chip=167,clock=14external,eesave=aenable,bod=1v8,neopixelport=portb,millis=enabled,pinmapping=new	1.6.7	2788	57	2	false	0	0		0	
2021-02-04 11:24:44	521	521.74	https://travis-ci.org/SpenceKonde/ATTinyCore/jobs/757511015	push		false	master	2a72f6e53e98eafc92095c0c121c18944ea12fcd	f108b86434ed...2a72f6e53e98	ignore word path	/home/travis/Arduino/hardware/ATTinyCore/avr/libraries/EEPROM/examples/eeprom_get/eeprom_get.ino	ATTinyCore:avr:attinyx7:LTO=disable,chip=167,clock=14external,eesave=aenable,bod=1v8,neopixelport=portb,millis=enabled,pinmapping=new	1.6.7	3550	159	0	false	0	0		0	
2021-02-04 11:24:47	521	521.74	https://travis-ci.org/SpenceKonde/ATTinyCore/jobs/757511015	push		false	master	2a72f6e53e98eafc92095c0c121c18944ea12fcd	f108b86434ed...2a72f6e53e98	ignore word path	/home/travis/Arduino/hardware/ATTinyCore/avr/libraries/EEPROM/examples/eeprom_crc/eeprom_crc.ino	ATTinyCore:avr:attinyx7:LTO=disable,chip=167,clock=14external,eesave=aenable,bod=1v8,neopixelport=portb,millis=enabled,pinmapping=new	1.6.7	2136	213	1	false	0	0		0	
2021-02-04 11:24:50	521	521.74	https://travis-ci.org/SpenceKonde/ATTinyCore/jobs/757511015	push		false	master	2a72f6e53e98eafc92095c0c121c18944ea12fcd	f108b86434ed...2a72f6e53e98	ignore word path	/home/travis/Arduino/hardware/ATTinyCore/avr/libraries/EEPROM/examples/eeprom_read/eeprom_read.ino	ATTinyCore:avr:attinyx7:LTO=disable,chip=167,clock=14external,eesave=aenable,bod=1v8,neopixelport=portb,millis=enabled,pinmapping=new	1.6.7	2102	104	1	false	0	0		0	
2021-02-04 11:24:54	521	521.74	https://travis-ci.org/SpenceKonde/ATTinyCore/jobs/757511015	push		false	master	2a72f6e53e98eafc92095c0c121c18944ea12fcd	f108b86434ed...2a72f6e53e98	ignore word path	/home/travis/Arduino/hardware/ATTinyCore/avr/libraries/EEPROM/examples/eeprom_clear/eeprom_clear.ino	ATTinyCore:avr:attinyx7:LTO=disable,chip=167,clock=14external,eesave=aenable,bod=1v8,neopixelport=portb,millis=enabled,pinmapping=new	1.6.7	760	10	1	false	0	0		0	
2021-02-04 11:24:57	521	521.74	https://travis-ci.org/SpenceKonde/ATTinyCore/jobs/757511015	push		false	master	2a72f6e53e98eafc92095c0c121c18944ea12fcd	f108b86434ed...2a72f6e53e98	ignore word path	/home/travis/Arduino/hardware/ATTinyCore/avr/libraries/EEPROM/examples/eeprom_write/eeprom_write.ino	ATTinyCore:avr:attinyx7:LTO=disable,chip=167,clock=14external,eesave=aenable,bod=1v8,neopixelport=portb,millis=enabled,pinmapping=new	1.6.7	748	13	0	false	0	0		0	
2021-02-04 11:25:01	521	521.74	https://travis-ci.org/SpenceKonde/ATTinyCore/jobs/757511015	push		false	master	2a72f6e53e98eafc92095c0c121c18944ea12fcd	f108b86434ed...2a72f6e53e98	ignore word path	/home/travis/Arduino/hardware/ATTinyCore/avr/libraries/EEPROM/examples/eeprom_iteration/eeprom_iteration.ino	ATTinyCore:avr:attinyx7:LTO=disable,chip=167,clock=14external,eesave=aenable,bod=1v8,neopixelport=portb,millis=enabled,pinmapping=new	1.6.7	578	10	3	false	0	0		0	
2021-02-04 11:25:04	521	521.74	https://travis-ci.org/SpenceKonde/ATTinyCore/jobs/757511015	push		false	master	2a72f6e53e98eafc92095c0c121c18944ea12fcd	f108b86434ed...2a72f6e53e98	ignore word path	/home/travis/Arduino/hardware/ATTinyCore/avr/libraries/EEPROM/examples/eeprom_update/eeprom_update.ino	ATTinyCore:avr:attinyx7:LTO=disable,chip=167,clock=14external,eesave=aenable,bod=1v8,neopixelport=portb,millis=enabled,pinmapping=new	1.6.7	798	13	1	false	0	0		0	
2021-02-04 11:25:08	521	521.74	https://travis-ci.org/SpenceKonde/ATTinyCore/jobs/757511015	push		false	master	2a72f6e53e98eafc92095c0c121c18944ea12fcd	f108b86434ed...2a72f6e53e98	ignore word path	/home/travis/Arduino/hardware/ATTinyCore/avr/libraries/EEPROM/examples/eeprom_put/eeprom_put.ino	ATTinyCore:avr:attinyx7:LTO=disable,chip=167,clock=14external,eesave=aenable,bod=1v8,neopixelport=portb,millis=enabled,pinmapping=new	1.6.7	1796	243	0	false	0	0		0	
2021-02-04 11:25:11	521	521.74	https://travis-ci.org/SpenceKonde/ATTinyCore/jobs/757511015	push		false	master	2a72f6e53e98eafc92095c0c121c18944ea12fcd	f108b86434ed...2a72f6e53e98	ignore word path	/home/travis/Arduino/hardware/ATTinyCore/avr/libraries/ATTinyCore/examples/TemperatureRead/TemperatureRead.ino	ATTinyCore:avr:attinyx7:LTO=disable,chip=167,clock=14external,eesave=aenable,bod=1v8,neopixelport=portb,millis=enabled,pinmapping=new	1.6.7	2058	106	0	false	0	0		0	
2021-02-04 11:25:15	521	521.74	https://travis-ci.org/SpenceKonde/ATTinyCore/jobs/757511015	push		false	master	2a72f6e53e98eafc92095c0c121c18944ea12fcd	f108b86434ed...2a72f6e53e98	ignore word path	/home/travis/Arduino/hardware/ATTinyCore/avr/libraries/tinyNeoPixel_Static/examples/strandtest/strandtest.ino	ATTinyCore:avr:attinyx7:LTO=disable,chip=167,clock=14external,eesave=aenable,bod=1v8,neopixelport=portb,millis=enabled,pinmapping=new	1.6.7	2716	210	5	false	0	0		0	
2021-02-04 11:25:19	521	521.74	https://travis-ci.org/SpenceKonde/ATTinyCore/jobs/757511015	push		false	master	2a72f6e53e98eafc92095c0c121c18944ea12fcd	f108b86434ed...2a72f6e53e98	ignore word path	/home/travis/Arduino/hardware/ATTinyCore/avr/libraries/tinyNeoPixel_Static/examples/buttoncycler/buttoncycler.ino	ATTinyCore:avr:attinyx7:LTO=disable,chip=167,clock=14external,eesave=aenable,bod=1v8,neopixelport=portb,millis=enabled,pinmapping=new	1.6.7	2966	82	5	false	0	0		0	
2021-02-04 11:25:23	521	521.74	https://travis-ci.org/SpenceKonde/ATTinyCore/jobs/757511015	push		false	master	2a72f6e53e98eafc92095c0c121c18944ea12fcd	f108b86434ed...2a72f6e53e98	ignore word path	/home/travis/Arduino/hardware/ATTinyCore/avr/libraries/tinyNeoPixel_Static/examples/simple/simple.ino	ATTinyCore:avr:attinyx7:LTO=disable,chip=167,clock=14external,eesave=aenable,bod=1v8,neopixelport=portb,millis=enabled,pinmapping=new	1.6.7	1764	80	1	false	0	0		0	
2021-02-04 11:25:26	521	521.74	https://travis-ci.org/SpenceKonde/ATTinyCore/jobs/757511015	push		false	master	2a72f6e53e98eafc92095c0c121c18944ea12fcd	f108b86434ed...2a72f6e53e98	ignore word path	/home/travis/Arduino/hardware/ATTinyCore/avr/libraries/SPI/examples/BarometricPressureSensor/BarometricPressureSensor.ino	ATTinyCore:avr:attinyx7:LTO=disable,chip=167,clock=14external,eesave=aenable,bod=1v8,neopixelport=portb,millis=enabled,pinmapping=new	1.6.7	6378	134	1	false	0	0		0	
2021-02-04 11:25:30	521	521.74	https://travis-ci.org/SpenceKonde/ATTinyCore/jobs/757511015	push		false	master	2a72f6e53e98eafc92095c0c121c18944ea12fcd	f108b86434ed...2a72f6e53e98	ignore word path	/home/travis/Arduino/hardware/ATTinyCore/avr/libraries/SPI/examples/DigitalPotControl/DigitalPotControl.ino	ATTinyCore:avr:attinyx7:LTO=disable,chip=167,clock=14external,eesave=aenable,bod=1v8,neopixelport=portb,millis=enabled,pinmapping=new	1.6.7	1198	11	0	false	0	0		0	
2021-02-04 11:25:33	521	521.74	https://travis-ci.org/SpenceKonde/ATTinyCore/jobs/757511015	push		false	master	2a72f6e53e98eafc92095c0c121c18944ea12fcd	f108b86434ed...2a72f6e53e98	ignore word path	/home/travis/Arduino/hardware/ATTinyCore/avr/libraries/Wire/examples/SFRRanger_reader/SFRRanger_reader.ino	ATTinyCore:avr:attinyx7:LTO=disable,chip=167,clock=14external,eesave=aenable,bod=1v8,neopixelport=portb,millis=enabled,pinmapping=new	1.6.7	3730	151	0	false	0	0		0	
2021-02-04 11:25:37	521	521.74	https://travis-ci.org/SpenceKonde/ATTinyCore/jobs/757511015	push		false	master	2a72f6e53e98eafc92095c0c121c18944ea12fcd	f108b86434ed...2a72f6e53e98	ignore word path	/home/travis/Arduino/hardware/ATTinyCore/avr/libraries/Wire/examples/master_writer/master_writer.ino	ATTinyCore:avr:attinyx7:LTO=disable,chip=167,clock=14external,eesave=aenable,bod=1v8,neopixelport=portb,millis=enabled,pinmapping=new	1.6.7	2056	67	0	false	0	0		0	
2021-02-04 11:25:41	521	521.74	https://travis-ci.org/SpenceKonde/ATTinyCore/jobs/757511015	push		false	master	2a72f6e53e98eafc92095c0c121c18944ea12fcd	f108b86434ed...2a72f6e53e98	ignore word path	/home/travis/Arduino/hardware/ATTinyCore/avr/libraries/Wire/examples/digital_potentiometer/digital_potentiometer.ino	ATTinyCore:avr:attinyx7:LTO=disable,chip=167,clock=14external,eesave=aenable,bod=1v8,neopixelport=portb,millis=enabled,pinmapping=new	1.6.7	1954	61	0	false	0	0		0	
2021-02-04 11:25:45	521	521.74	https://travis-ci.org/SpenceKonde/ATTinyCore/jobs/757511015	push		false	master	2a72f6e53e98eafc92095c0c121c18944ea12fcd	f108b86434ed...2a72f6e53e98	ignore word path	/home/travis/Arduino/hardware/ATTinyCore/avr/libraries/Wire/examples/slave_receiver/slave_receiver.ino	ATTinyCore:avr:attinyx7:LTO=disable,chip=167,clock=14external,eesave=aenable,bod=1v8,neopixelport=portb,millis=enabled,pinmapping=new	1.6.7	2814	147	1	false	0	0		0	
2021-02-04 11:25:48	521	521.74	https://travis-ci.org/SpenceKonde/ATTinyCore/jobs/757511015	push		false	master	2a72f6e53e98eafc92095c0c121c18944ea12fcd	f108b86434ed...2a72f6e53e98	ignore word path	/home/travis/Arduino/hardware/ATTinyCore/avr/libraries/Wire/examples/master_reader/master_reader.ino	ATTinyCore:avr:attinyx7:LTO=disable,chip=167,clock=14external,eesave=aenable,bod=1v8,neopixelport=portb,millis=enabled,pinmapping=new	1.6.7	3116	149	0	false	0	0		0	
2021-02-04 11:25:52	521	521.74	https://travis-ci.org/SpenceKonde/ATTinyCore/jobs/757511015	push		false	master	2a72f6e53e98eafc92095c0c121c18944ea12fcd	f108b86434ed...2a72f6e53e98	ignore word path	/home/travis/Arduino/hardware/ATTinyCore/avr/libraries/Wire/examples/slave_sender/slave_sender.ino	ATTinyCore:avr:attinyx7:LTO=disable,chip=167,clock=14external,eesave=aenable,bod=1v8,neopixelport=portb,millis=enabled,pinmapping=new	1.6.7	1586	66	0	false	0	0		0	
2021-02-04 11:25:56	521	521.74	https://travis-ci.org/SpenceKonde/ATTinyCore/jobs/757511015	push		false	master	2a72f6e53e98eafc92095c0c121c18944ea12fcd	f108b86434ed...2a72f6e53e98	ignore word path	/home/travis/Arduino/hardware/ATTinyCore/avr/libraries/Servo_ATTinyCore/examples/Knob/Knob.ino	ATTinyCore:avr:attinyx7:LTO=disable,chip=167,clock=14external,eesave=aenable,bod=1v8,neopixelport=portb,millis=enabled,pinmapping=new	1.6.7	2852	60	2	false	0	0		0	
2021-02-04 11:26:00	521	521.74	https://travis-ci.org/SpenceKonde/ATTinyCore/jobs/757511015	push		false	master	2a72f6e53e98eafc92095c0c121c18944ea12fcd	f108b86434ed...2a72f6e53e98	ignore word path	/home/travis/Arduino/hardware/ATTinyCore/avr/libraries/Servo_ATTinyCore/examples/Sweep/Sweep.ino	ATTinyCore:avr:attinyx7:LTO=disable,chip=167,clock=14external,eesave=aenable,bod=1v8,neopixelport=portb,millis=enabled,pinmapping=new	1.6.7	2788	57	2	false	0	0		0	
2021-02-04 11:26:06	521	521.74	https://travis-ci.org/SpenceKonde/ATTinyCore/jobs/757511015	push		false	master	2a72f6e53e98eafc92095c0c121c18944ea12fcd	f108b86434ed...2a72f6e53e98	ignore word path	/home/travis/Arduino/hardware/ATTinyCore/avr/libraries/SoftwareSerial/examples/SoftwareSerialExample/SoftwareSerialExample.ino	ATTinyCore:avr:attinyx7:LTO=disable,chip=167,clock=14external,eesave=aenable,bod=1v8,neopixelport=portb,millis=enabled,pinmapping=new	1.6.9	3200	244	4	false	0	0		0	
2021-02-04 11:26:09	521	521.74	https://travis-ci.org/SpenceKonde/ATTinyCore/jobs/757511015	push		false	master	2a72f6e53e98eafc92095c0c121c18944ea12fcd	f108b86434ed...2a72f6e53e98	ignore word path	/home/travis/Arduino/hardware/ATTinyCore/avr/libraries/SoftwareSerial/examples/TwoPortReceive/TwoPortReceive.ino	ATTinyCore:avr:attinyx7:LTO=disable,chip=167,clock=14external,eesave=aenable,bod=1v8,neopixelport=portb,millis=enabled,pinmapping=new	1.6.9	3286	285	4	false	0	0		0	
2021-02-04 11:26:13	521	521.74	https://travis-ci.org/SpenceKonde/ATTinyCore/jobs/757511015	push		false	master	2a72f6e53e98eafc92095c0c121c18944ea12fcd	f108b86434ed...2a72f6e53e98	ignore word path	/home/travis/Arduino/hardware/ATTinyCore/avr/libraries/tinyNeoPixel/examples/strandtest/strandtest.ino	ATTinyCore:avr:attinyx7:LTO=disable,chip=167,clock=14external,eesave=aenable,bod=1v8,neopixelport=portb,millis=enabled,pinmapping=new	1.6.9	3704	40	0	false	0	0		0	
2021-02-04 11:26:17	521	521.74	https://travis-ci.org/SpenceKonde/ATTinyCore/jobs/757511015	push		false	master	2a72f6e53e98eafc92095c0c121c18944ea12fcd	f108b86434ed...2a72f6e53e98	ignore word path	/home/travis/Arduino/hardware/ATTinyCore/avr/libraries/tinyNeoPixel/examples/buttoncycler/buttoncycler.ino	ATTinyCore:avr:attinyx7:LTO=disable,chip=167,clock=14external,eesave=aenable,bod=1v8,neopixelport=portb,millis=enabled,pinmapping=new	1.6.9	2720	42	0	false	0	0		0	
2021-02-04 11:26:21	521	521.74	https://travis-ci.org/SpenceKonde/ATTinyCore/jobs/757511015	push		false	master	2a72f6e53e98eafc92095c0c121c18944ea12fcd	f108b86434ed...2a72f6e53e98	ignore word path	/home/travis/Arduino/hardware/ATTinyCore/avr/libraries/tinyNeoPixel/examples/RGBWstrandtest/RGBWstrandtest.ino	ATTinyCore:avr:attinyx7:LTO=disable,chip=167,clock=14external,eesave=aenable,bod=1v8,neopixelport=portb,millis=enabled,pinmapping=new	1.6.9	6492	383	6	false	0	0		0	
2021-02-04 11:26:25	521	521.74	https://travis-ci.org/SpenceKonde/ATTinyCore/jobs/757511015	push		false	master	2a72f6e53e98eafc92095c0c121c18944ea12fcd	f108b86434ed...2a72f6e53e98	ignore word path	/home/travis/Arduino/hardware/ATTinyCore/avr/libraries/tinyNeoPixel/examples/simple/simple.ino	ATTinyCore:avr:attinyx7:LTO=disable,chip=167,clock=14external,eesave=aenable,bod=1v8,neopixelport=portb,millis=enabled,pinmapping=new	1.6.9	2720	42	0	false	0	0		0	
2021-02-04 11:26:29	521	521.74	https://travis-ci.org/SpenceKonde/ATTinyCore/jobs/757511015	push		false	master	2a72f6e53e98eafc92095c0c121c18944ea12fcd	f108b86434ed...2a72f6e53e98	ignore word path	/home/travis/Arduino/hardware/ATTinyCore/avr/libraries/Servo/examples/Knob/Knob.ino	ATTinyCore:avr:attinyx7:LTO=disable,chip=167,clock=14external,eesave=aenable,bod=1v8,neopixelport=portb,millis=enabled,pinmapping=new	1.6.9	2852	60	2	false	0	0		0	
2021-02-04 11:26:33	521	521.74	https://travis-ci.org/SpenceKonde/ATTinyCore/jobs/757511015	push		false	master	2a72f6e53e98eafc92095c0c121c18944ea12fcd	f108b86434ed...2a72f6e53e98	ignore word path	/home/travis/Arduino/hardware/ATTinyCore/avr/libraries/Servo/examples/Sweep/Sweep.ino	ATTinyCore:avr:attinyx7:LTO=disable,chip=167,clock=14external,eesave=aenable,bod=1v8,neopixelport=portb,millis=enabled,pinmapping=new	1.6.9	2788	57	2	false	0	0		0	
2021-02-04 11:26:36	521	521.74	https://travis-ci.org/SpenceKonde/ATTinyCore/jobs/757511015	push		false	master	2a72f6e53e98eafc92095c0c121c18944ea12fcd	f108b86434ed...2a72f6e53e98	ignore word path	/home/travis/Arduino/hardware/ATTinyCore/avr/libraries/EEPROM/examples/eeprom_get/eeprom_get.ino	ATTinyCore:avr:attinyx7:LTO=disable,chip=167,clock=14external,eesave=aenable,bod=1v8,neopixelport=portb,millis=enabled,pinmapping=new	1.6.9	3550	159	0	false	0	0		0	
2021-02-04 11:26:40	521	521.74	https://travis-ci.org/SpenceKonde/ATTinyCore/jobs/757511015	push		false	master	2a72f6e53e98eafc92095c0c121c18944ea12fcd	f108b86434ed...2a72f6e53e98	ignore word path	/home/travis/Arduino/hardware/ATTinyCore/avr/libraries/EEPROM/examples/eeprom_crc/eeprom_crc.ino	ATTinyCore:avr:attinyx7:LTO=disable,chip=167,clock=14external,eesave=aenable,bod=1v8,neopixelport=portb,millis=enabled,pinmapping=new	1.6.9	2136	213	1	false	0	0		0	
2021-02-04 11:26:44	521	521.74	https://travis-ci.org/SpenceKonde/ATTinyCore/jobs/757511015	push		false	master	2a72f6e53e98eafc92095c0c121c18944ea12fcd	f108b86434ed...2a72f6e53e98	ignore word path	/home/travis/Arduino/hardware/ATTinyCore/avr/libraries/EEPROM/examples/eeprom_read/eeprom_read.ino	ATTinyCore:avr:attinyx7:LTO=disable,chip=167,clock=14external,eesave=aenable,bod=1v8,neopixelport=portb,millis=enabled,pinmapping=new	1.6.9	2102	104	1	false	0	0		0	
2021-02-04 11:26:48	521	521.74	https://travis-ci.org/SpenceKonde/ATTinyCore/jobs/757511015	push		false	master	2a72f6e53e98eafc92095c0c121c18944ea12fcd	f108b86434ed...2a72f6e53e98	ignore word path	/home/travis/Arduino/hardware/ATTinyCore/avr/libraries/EEPROM/examples/eeprom_clear/eeprom_clear.ino	ATTinyCore:avr:attinyx7:LTO=disable,chip=167,clock=14external,eesave=aenable,bod=1v8,neopixelport=portb,millis=enabled,pinmapping=new	1.6.9	760	10	1	false	0	0		0	
2021-02-04 11:26:51	521	521.74	https://travis-ci.org/SpenceKonde/ATTinyCore/jobs/757511015	push		false	master	2a72f6e53e98eafc92095c0c121c18944ea12fcd	f108b86434ed...2a72f6e53e98	ignore word path	/home/travis/Arduino/hardware/ATTinyCore/avr/libraries/EEPROM/examples/eeprom_write/eeprom_write.ino	ATTinyCore:avr:attinyx7:LTO=disable,chip=167,clock=14external,eesave=aenable,bod=1v8,neopixelport=portb,millis=enabled,pinmapping=new	1.6.9	748	13	0	false	0	0		0	
2021-02-04 11:26:55	521	521.74	https://travis-ci.org/SpenceKonde/ATTinyCore/jobs/757511015	push		false	master	2a72f6e53e98eafc92095c0c121c18944ea12fcd	f108b86434ed...2a72f6e53e98	ignore word path	/home/travis/Arduino/hardware/ATTinyCore/avr/libraries/EEPROM/examples/eeprom_iteration/eeprom_iteration.ino	ATTinyCore:avr:attinyx7:LTO=disable,chip=167,clock=14external,eesave=aenable,bod=1v8,neopixelport=portb,millis=enabled,pinmapping=new	1.6.9	578	10	3	false	0	0		0	
2021-02-04 11:26:59	521	521.74	https://travis-ci.org/SpenceKonde/ATTinyCore/jobs/757511015	push		false	master	2a72f6e53e98eafc92095c0c121c18944ea12fcd	f108b86434ed...2a72f6e53e98	ignore word path	/home/travis/Arduino/hardware/ATTinyCore/avr/libraries/EEPROM/examples/eeprom_update/eeprom_update.ino	ATTinyCore:avr:attinyx7:LTO=disable,chip=167,clock=14external,eesave=aenable,bod=1v8,neopixelport=portb,millis=enabled,pinmapping=new	1.6.9	798	13	1	false	0	0		0	
2021-02-04 11:27:03	521	521.74	https://travis-ci.org/SpenceKonde/ATTinyCore/jobs/757511015	push		false	master	2a72f6e53e98eafc92095c0c121c18944ea12fcd	f108b86434ed...2a72f6e53e98	ignore word path	/home/travis/Arduino/hardware/ATTinyCore/avr/libraries/EEPROM/examples/eeprom_put/eeprom_put.ino	ATTinyCore:avr:attinyx7:LTO=disable,chip=167,clock=14external,eesave=aenable,bod=1v8,neopixelport=portb,millis=enabled,pinmapping=new	1.6.9	1796	243	0	false	0	0		0	
2021-02-04 11:27:06	521	521.74	https://travis-ci.org/SpenceKonde/ATTinyCore/jobs/757511015	push		false	master	2a72f6e53e98eafc92095c0c121c18944ea12fcd	f108b86434ed...2a72f6e53e98	ignore word path	/home/travis/Arduino/hardware/ATTinyCore/avr/libraries/ATTinyCore/examples/TemperatureRead/TemperatureRead.ino	ATTinyCore:avr:attinyx7:LTO=disable,chip=167,clock=14external,eesave=aenable,bod=1v8,neopixelport=portb,millis=enabled,pinmapping=new	1.6.9	2058	106	0	false	0	0		0	
2021-02-04 11:27:10	521	521.74	https://travis-ci.org/SpenceKonde/ATTinyCore/jobs/757511015	push		false	master	2a72f6e53e98eafc92095c0c121c18944ea12fcd	f108b86434ed...2a72f6e53e98	ignore word path	/home/travis/Arduino/hardware/ATTinyCore/avr/libraries/tinyNeoPixel_Static/examples/strandtest/strandtest.ino	ATTinyCore:avr:attinyx7:LTO=disable,chip=167,clock=14external,eesave=aenable,bod=1v8,neopixelport=portb,millis=enabled,pinmapping=new	1.6.9	2716	210	5	false	0	0		0	
2021-02-04 11:27:14	521	521.74	https://travis-ci.org/SpenceKonde/ATTinyCore/jobs/757511015	push		false	master	2a72f6e53e98eafc92095c0c121c18944ea12fcd	f108b86434ed...2a72f6e53e98	ignore word path	/home/travis/Arduino/hardware/ATTinyCore/avr/libraries/tinyNeoPixel_Static/examples/buttoncycler/buttoncycler.ino	ATTinyCore:avr:attinyx7:LTO=disable,chip=167,clock=14external,eesave=aenable,bod=1v8,neopixelport=portb,millis=enabled,pinmapping=new	1.6.9	2966	82	5	false	0	0		0	
2021-02-04 11:27:18	521	521.74	https://travis-ci.org/SpenceKonde/ATTinyCore/jobs/757511015	push		false	master	2a72f6e53e98eafc92095c0c121c18944ea12fcd	f108b86434ed...2a72f6e53e98	ignore word path	/home/travis/Arduino/hardware/ATTinyCore/avr/libraries/tinyNeoPixel_Static/examples/simple/simple.ino	ATTinyCore:avr:attinyx7:LTO=disable,chip=167,clock=14external,eesave=aenable,bod=1v8,neopixelport=portb,millis=enabled,pinmapping=new	1.6.9	1764	80	1	false	0	0		0	
2021-02-04 11:27:22	521	521.74	https://travis-ci.org/SpenceKonde/ATTinyCore/jobs/757511015	push		false	master	2a72f6e53e98eafc92095c0c121c18944ea12fcd	f108b86434ed...2a72f6e53e98	ignore word path	/home/travis/Arduino/hardware/ATTinyCore/avr/libraries/SPI/examples/BarometricPressureSensor/BarometricPressureSensor.ino	ATTinyCore:avr:attinyx7:LTO=disable,chip=167,clock=14external,eesave=aenable,bod=1v8,neopixelport=portb,millis=enabled,pinmapping=new	1.6.9	6378	134	1	false	0	0		0	
2021-02-04 11:27:26	521	521.74	https://travis-ci.org/SpenceKonde/ATTinyCore/jobs/757511015	push		false	master	2a72f6e53e98eafc92095c0c121c18944ea12fcd	f108b86434ed...2a72f6e53e98	ignore word path	/home/travis/Arduino/hardware/ATTinyCore/avr/libraries/SPI/examples/DigitalPotControl/DigitalPotControl.ino	ATTinyCore:avr:attinyx7:LTO=disable,chip=167,clock=14external,eesave=aenable,bod=1v8,neopixelport=portb,millis=enabled,pinmapping=new	1.6.9	1198	11	0	false	0	0		0	
2021-02-04 11:27:30	521	521.74	https://travis-ci.org/SpenceKonde/ATTinyCore/jobs/757511015	push		false	master	2a72f6e53e98eafc92095c0c121c18944ea12fcd	f108b86434ed...2a72f6e53e98	ignore word path	/home/travis/Arduino/hardware/ATTinyCore/avr/libraries/Wire/examples/SFRRanger_reader/SFRRanger_reader.ino	ATTinyCore:avr:attinyx7:LTO=disable,chip=167,clock=14external,eesave=aenable,bod=1v8,neopixelport=portb,millis=enabled,pinmapping=new	1.6.9	3730	151	0	false	0	0		0	
2021-02-04 11:27:34	521	521.74	https://travis-ci.org/SpenceKonde/ATTinyCore/jobs/757511015	push		false	master	2a72f6e53e98eafc92095c0c121c18944ea12fcd	f108b86434ed...2a72f6e53e98	ignore word path	/home/travis/Arduino/hardware/ATTinyCore/avr/libraries/Wire/examples/master_writer/master_writer.ino	ATTinyCore:avr:attinyx7:LTO=disable,chip=167,clock=14external,eesave=aenable,bod=1v8,neopixelport=portb,millis=enabled,pinmapping=new	1.6.9	2056	67	0	false	0	0		0	
2021-02-04 11:27:38	521	521.74	https://travis-ci.org/SpenceKonde/ATTinyCore/jobs/757511015	push		false	master	2a72f6e53e98eafc92095c0c121c18944ea12fcd	f108b86434ed...2a72f6e53e98	ignore word path	/home/travis/Arduino/hardware/ATTinyCore/avr/libraries/Wire/examples/digital_potentiometer/digital_potentiometer.ino	ATTinyCore:avr:attinyx7:LTO=disable,chip=167,clock=14external,eesave=aenable,bod=1v8,neopixelport=portb,millis=enabled,pinmapping=new	1.6.9	1954	61	0	false	0	0		0	
2021-02-04 11:27:42	521	521.74	https://travis-ci.org/SpenceKonde/ATTinyCore/jobs/757511015	push		false	master	2a72f6e53e98eafc92095c0c121c18944ea12fcd	f108b86434ed...2a72f6e53e98	ignore word path	/home/travis/Arduino/hardware/ATTinyCore/avr/libraries/Wire/examples/slave_receiver/slave_receiver.ino	ATTinyCore:avr:attinyx7:LTO=disable,chip=167,clock=14external,eesave=aenable,bod=1v8,neopixelport=portb,millis=enabled,pinmapping=new	1.6.9	2814	147	1	false	0	0		0	
2021-02-04 11:27:46	521	521.74	https://travis-ci.org/SpenceKonde/ATTinyCore/jobs/757511015	push		false	master	2a72f6e53e98eafc92095c0c121c18944ea12fcd	f108b86434ed...2a72f6e53e98	ignore word path	/home/travis/Arduino/hardware/ATTinyCore/avr/libraries/Wire/examples/master_reader/master_reader.ino	ATTinyCore:avr:attinyx7:LTO=disable,chip=167,clock=14external,eesave=aenable,bod=1v8,neopixelport=portb,millis=enabled,pinmapping=new	1.6.9	3116	149	0	false	0	0		0	
2021-02-04 11:27:50	521	521.74	https://travis-ci.org/SpenceKonde/ATTinyCore/jobs/757511015	push		false	master	2a72f6e53e98eafc92095c0c121c18944ea12fcd	f108b86434ed...2a72f6e53e98	ignore word path	/home/travis/Arduino/hardware/ATTinyCore/avr/libraries/Wire/examples/slave_sender/slave_sender.ino	ATTinyCore:avr:attinyx7:LTO=disable,chip=167,clock=14external,eesave=aenable,bod=1v8,neopixelport=portb,millis=enabled,pinmapping=new	1.6.9	1586	66	0	false	0	0		0	
2021-02-04 11:27:54	521	521.74	https://travis-ci.org/SpenceKonde/ATTinyCore/jobs/757511015	push		false	master	2a72f6e53e98eafc92095c0c121c18944ea12fcd	f108b86434ed...2a72f6e53e98	ignore word path	/home/travis/Arduino/hardware/ATTinyCore/avr/libraries/Servo_ATTinyCore/examples/Knob/Knob.ino	ATTinyCore:avr:attinyx7:LTO=disable,chip=167,clock=14external,eesave=aenable,bod=1v8,neopixelport=portb,millis=enabled,pinmapping=new	1.6.9	2852	60	2	false	0	0		0	
2021-02-04 11:27:57	521	521.74	https://travis-ci.org/SpenceKonde/ATTinyCore/jobs/757511015	push		false	master	2a72f6e53e98eafc92095c0c121c18944ea12fcd	f108b86434ed...2a72f6e53e98	ignore word path	/home/travis/Arduino/hardware/ATTinyCore/avr/libraries/Servo_ATTinyCore/examples/Sweep/Sweep.ino	ATTinyCore:avr:attinyx7:LTO=disable,chip=167,clock=14external,eesave=aenable,bod=1v8,neopixelport=portb,millis=enabled,pinmapping=new	1.6.9	2788	57	2	false	0	0		0	
2021-02-04 11:28:04	521	521.74	https://travis-ci.org/SpenceKonde/ATTinyCore/jobs/757511015	push		false	master	2a72f6e53e98eafc92095c0c121c18944ea12fcd	f108b86434ed...2a72f6e53e98	ignore word path	/home/travis/Arduino/hardware/ATTinyCore/avr/libraries/SoftwareSerial/examples/SoftwareSerialExample/SoftwareSerialExample.ino	ATTinyCore:avr:attinyx7:LTO=disable,chip=167,clock=14external,eesave=aenable,bod=1v8,neopixelport=portb,millis=enabled,pinmapping=new	1.6.13	3164	244	4	false	0	0		0	
2021-02-04 11:28:08	521	521.74	https://travis-ci.org/SpenceKonde/ATTinyCore/jobs/757511015	push		false	master	2a72f6e53e98eafc92095c0c121c18944ea12fcd	f108b86434ed...2a72f6e53e98	ignore word path	/home/travis/Arduino/hardware/ATTinyCore/avr/libraries/SoftwareSerial/examples/TwoPortReceive/TwoPortReceive.ino	ATTinyCore:avr:attinyx7:LTO=disable,chip=167,clock=14external,eesave=aenable,bod=1v8,neopixelport=portb,millis=enabled,pinmapping=new	1.6.13	3250	285	4	false	0	0		0	
2021-02-04 11:28:12	521	521.74	https://travis-ci.org/SpenceKonde/ATTinyCore/jobs/757511015	push		false	master	2a72f6e53e98eafc92095c0c121c18944ea12fcd	f108b86434ed...2a72f6e53e98	ignore word path	/home/travis/Arduino/hardware/ATTinyCore/avr/libraries/tinyNeoPixel/examples/strandtest/strandtest.ino	ATTinyCore:avr:attinyx7:LTO=disable,chip=167,clock=14external,eesave=aenable,bod=1v8,neopixelport=portb,millis=enabled,pinmapping=new	1.6.13	3744	40	0	false	0	0		0	
2021-02-04 11:28:16	521	521.74	https://travis-ci.org/SpenceKonde/ATTinyCore/jobs/757511015	push		false	master	2a72f6e53e98eafc92095c0c121c18944ea12fcd	f108b86434ed...2a72f6e53e98	ignore word path	/home/travis/Arduino/hardware/ATTinyCore/avr/libraries/tinyNeoPixel/examples/buttoncycler/buttoncycler.ino	ATTinyCore:avr:attinyx7:LTO=disable,chip=167,clock=14external,eesave=aenable,bod=1v8,neopixelport=portb,millis=enabled,pinmapping=new	1.6.13	2726	42	0	false	0	0		0	
2021-02-04 11:28:20	521	521.74	https://travis-ci.org/SpenceKonde/ATTinyCore/jobs/757511015	push		false	master	2a72f6e53e98eafc92095c0c121c18944ea12fcd	f108b86434ed...2a72f6e53e98	ignore word path	/home/travis/Arduino/hardware/ATTinyCore/avr/libraries/tinyNeoPixel/examples/RGBWstrandtest/RGBWstrandtest.ino	ATTinyCore:avr:attinyx7:LTO=disable,chip=167,clock=14external,eesave=aenable,bod=1v8,neopixelport=portb,millis=enabled,pinmapping=new	1.6.13	6582	383	6	false	0	0		0	
2021-02-04 11:28:24	521	521.74	https://travis-ci.org/SpenceKonde/ATTinyCore/jobs/757511015	push		false	master	2a72f6e53e98eafc92095c0c121c18944ea12fcd	f108b86434ed...2a72f6e53e98	ignore word path	/home/travis/Arduino/hardware/ATTinyCore/avr/libraries/tinyNeoPixel/examples/simple/simple.ino	ATTinyCore:avr:attinyx7:LTO=disable,chip=167,clock=14external,eesave=aenable,bod=1v8,neopixelport=portb,millis=enabled,pinmapping=new	1.6.13	2726	42	0	false	0	0		0	
2021-02-04 11:28:28	521	521.74	https://travis-ci.org/SpenceKonde/ATTinyCore/jobs/757511015	push		false	master	2a72f6e53e98eafc92095c0c121c18944ea12fcd	f108b86434ed...2a72f6e53e98	ignore word path	/home/travis/Arduino/hardware/ATTinyCore/avr/libraries/Servo/examples/Knob/Knob.ino	ATTinyCore:avr:attinyx7:LTO=disable,chip=167,clock=14external,eesave=aenable,bod=1v8,neopixelport=portb,millis=enabled,pinmapping=new	1.6.13	2828	60	2	false	0	0		0	
2021-02-04 11:28:32	521	521.74	https://travis-ci.org/SpenceKonde/ATTinyCore/jobs/757511015	push		false	master	2a72f6e53e98eafc92095c0c121c18944ea12fcd	f108b86434ed...2a72f6e53e98	ignore word path	/home/travis/Arduino/hardware/ATTinyCore/avr/libraries/Servo/examples/Sweep/Sweep.ino	ATTinyCore:avr:attinyx7:LTO=disable,chip=167,clock=14external,eesave=aenable,bod=1v8,neopixelport=portb,millis=enabled,pinmapping=new	1.6.13	2766	57	2	false	0	0		0	
2021-02-04 11:28:36	521	521.74	https://travis-ci.org/SpenceKonde/ATTinyCore/jobs/757511015	push		false	master	2a72f6e53e98eafc92095c0c121c18944ea12fcd	f108b86434ed...2a72f6e53e98	ignore word path	/home/travis/Arduino/hardware/ATTinyCore/avr/libraries/EEPROM/examples/eeprom_get/eeprom_get.ino	ATTinyCore:avr:attinyx7:LTO=disable,chip=167,clock=14external,eesave=aenable,bod=1v8,neopixelport=portb,millis=enabled,pinmapping=new	1.6.13	3574	159	0	false	0	0		0	
2021-02-04 11:28:40	521	521.74	https://travis-ci.org/SpenceKonde/ATTinyCore/jobs/757511015	push		false	master	2a72f6e53e98eafc92095c0c121c18944ea12fcd	f108b86434ed...2a72f6e53e98	ignore word path	/home/travis/Arduino/hardware/ATTinyCore/avr/libraries/EEPROM/examples/eeprom_crc/eeprom_crc.ino	ATTinyCore:avr:attinyx7:LTO=disable,chip=167,clock=14external,eesave=aenable,bod=1v8,neopixelport=portb,millis=enabled,pinmapping=new	1.6.13	2104	213	1	false	0	0		0	
2021-02-04 11:28:44	521	521.74	https://travis-ci.org/SpenceKonde/ATTinyCore/jobs/757511015	push		false	master	2a72f6e53e98eafc92095c0c121c18944ea12fcd	f108b86434ed...2a72f6e53e98	ignore word path	/home/travis/Arduino/hardware/ATTinyCore/avr/libraries/EEPROM/examples/eeprom_read/eeprom_read.ino	ATTinyCore:avr:attinyx7:LTO=disable,chip=167,clock=14external,eesave=aenable,bod=1v8,neopixelport=portb,millis=enabled,pinmapping=new	1.6.13	2062	104	1	false	0	0		0	
2021-02-04 11:28:48	521	521.74	https://travis-ci.org/SpenceKonde/ATTinyCore/jobs/757511015	push		false	master	2a72f6e53e98eafc92095c0c121c18944ea12fcd	f108b86434ed...2a72f6e53e98	ignore word path	/home/travis/Arduino/hardware/ATTinyCore/avr/libraries/EEPROM/examples/eeprom_clear/eeprom_clear.ino	ATTinyCore:avr:attinyx7:LTO=disable,chip=167,clock=14external,eesave=aenable,bod=1v8,neopixelport=portb,millis=enabled,pinmapping=new	1.6.13	752	10	1	false	0	0		0	
2021-02-04 11:28:52	521	521.74	https://travis-ci.org/SpenceKonde/ATTinyCore/jobs/757511015	push		false	master	2a72f6e53e98eafc92095c0c121c18944ea12fcd	f108b86434ed...2a72f6e53e98	ignore word path	/home/travis/Arduino/hardware/ATTinyCore/avr/libraries/EEPROM/examples/eeprom_write/eeprom_write.ino	ATTinyCore:avr:attinyx7:LTO=disable,chip=167,clock=14external,eesave=aenable,bod=1v8,neopixelport=portb,millis=enabled,pinmapping=new	1.6.13	736	13	0	false	0	0		0	
2021-02-04 11:28:55	521	521.74	https://travis-ci.org/SpenceKonde/ATTinyCore/jobs/757511015	push		false	master	2a72f6e53e98eafc92095c0c121c18944ea12fcd	f108b86434ed...2a72f6e53e98	ignore word path	/home/travis/Arduino/hardware/ATTinyCore/avr/libraries/EEPROM/examples/eeprom_iteration/eeprom_iteration.ino	ATTinyCore:avr:attinyx7:LTO=disable,chip=167,clock=14external,eesave=aenable,bod=1v8,neopixelport=portb,millis=enabled,pinmapping=new	1.6.13	576	10	3	false	0	0		0	
2021-02-04 11:28:59	521	521.74	https://travis-ci.org/SpenceKonde/ATTinyCore/jobs/757511015	push		false	master	2a72f6e53e98eafc92095c0c121c18944ea12fcd	f108b86434ed...2a72f6e53e98	ignore word path	/home/travis/Arduino/hardware/ATTinyCore/avr/libraries/EEPROM/examples/eeprom_update/eeprom_update.ino	ATTinyCore:avr:attinyx7:LTO=disable,chip=167,clock=14external,eesave=aenable,bod=1v8,neopixelport=portb,millis=enabled,pinmapping=new	1.6.13	786	13	1	false	0	0		0	
2021-02-04 11:29:03	521	521.74	https://travis-ci.org/SpenceKonde/ATTinyCore/jobs/757511015	push		false	master	2a72f6e53e98eafc92095c0c121c18944ea12fcd	f108b86434ed...2a72f6e53e98	ignore word path	/home/travis/Arduino/hardware/ATTinyCore/avr/libraries/EEPROM/examples/eeprom_put/eeprom_put.ino	ATTinyCore:avr:attinyx7:LTO=disable,chip=167,clock=14external,eesave=aenable,bod=1v8,neopixelport=portb,millis=enabled,pinmapping=new	1.6.13	1780	243	0	false	0	0		0	
2021-02-04 11:29:07	521	521.74	https://travis-ci.org/SpenceKonde/ATTinyCore/jobs/757511015	push		false	master	2a72f6e53e98eafc92095c0c121c18944ea12fcd	f108b86434ed...2a72f6e53e98	ignore word path	/home/travis/Arduino/hardware/ATTinyCore/avr/libraries/ATTinyCore/examples/TemperatureRead/TemperatureRead.ino	ATTinyCore:avr:attinyx7:LTO=disable,chip=167,clock=14external,eesave=aenable,bod=1v8,neopixelport=portb,millis=enabled,pinmapping=new	1.6.13	2018	106	0	false	0	0		0	
2021-02-04 11:29:11	521	521.74	https://travis-ci.org/SpenceKonde/ATTinyCore/jobs/757511015	push		false	master	2a72f6e53e98eafc92095c0c121c18944ea12fcd	f108b86434ed...2a72f6e53e98	ignore word path	/home/travis/Arduino/hardware/ATTinyCore/avr/libraries/tinyNeoPixel_Static/examples/strandtest/strandtest.ino	ATTinyCore:avr:attinyx7:LTO=disable,chip=167,clock=14external,eesave=aenable,bod=1v8,neopixelport=portb,millis=enabled,pinmapping=new	1.6.13	2742	210	5	false	0	0		0	
2021-02-04 11:29:15	521	521.74	https://travis-ci.org/SpenceKonde/ATTinyCore/jobs/757511015	push		false	master	2a72f6e53e98eafc92095c0c121c18944ea12fcd	f108b86434ed...2a72f6e53e98	ignore word path	/home/travis/Arduino/hardware/ATTinyCore/avr/libraries/tinyNeoPixel_Static/examples/buttoncycler/buttoncycler.ino	ATTinyCore:avr:attinyx7:LTO=disable,chip=167,clock=14external,eesave=aenable,bod=1v8,neopixelport=portb,millis=enabled,pinmapping=new	1.6.13	2986	82	5	false	0	0		0	
2021-02-04 11:29:19	521	521.74	https://travis-ci.org/SpenceKonde/ATTinyCore/jobs/757511015	push		false	master	2a72f6e53e98eafc92095c0c121c18944ea12fcd	f108b86434ed...2a72f6e53e98	ignore word path	/home/travis/Arduino/hardware/ATTinyCore/avr/libraries/tinyNeoPixel_Static/examples/simple/simple.ino	ATTinyCore:avr:attinyx7:LTO=disable,chip=167,clock=14external,eesave=aenable,bod=1v8,neopixelport=portb,millis=enabled,pinmapping=new	1.6.13	1756	80	1	false	0	0		0	
2021-02-04 11:29:23	521	521.74	https://travis-ci.org/SpenceKonde/ATTinyCore/jobs/757511015	push		false	master	2a72f6e53e98eafc92095c0c121c18944ea12fcd	f108b86434ed...2a72f6e53e98	ignore word path	/home/travis/Arduino/hardware/ATTinyCore/avr/libraries/SPI/examples/BarometricPressureSensor/BarometricPressureSensor.ino	ATTinyCore:avr:attinyx7:LTO=disable,chip=167,clock=14external,eesave=aenable,bod=1v8,neopixelport=portb,millis=enabled,pinmapping=new	1.6.13	6390	134	1	false	0	0		0	
2021-02-04 11:29:27	521	521.74	https://travis-ci.org/SpenceKonde/ATTinyCore/jobs/757511015	push		false	master	2a72f6e53e98eafc92095c0c121c18944ea12fcd	f108b86434ed...2a72f6e53e98	ignore word path	/home/travis/Arduino/hardware/ATTinyCore/avr/libraries/SPI/examples/DigitalPotControl/DigitalPotControl.ino	ATTinyCore:avr:attinyx7:LTO=disable,chip=167,clock=14external,eesave=aenable,bod=1v8,neopixelport=portb,millis=enabled,pinmapping=new	1.6.13	1180	11	0	false	0	0		0	
2021-02-04 11:29:31	521	521.74	https://travis-ci.org/SpenceKonde/ATTinyCore/jobs/757511015	push		false	master	2a72f6e53e98eafc92095c0c121c18944ea12fcd	f108b86434ed...2a72f6e53e98	ignore word path	/home/travis/Arduino/hardware/ATTinyCore/avr/libraries/Wire/examples/SFRRanger_reader/SFRRanger_reader.ino	ATTinyCore:avr:attinyx7:LTO=disable,chip=167,clock=14external,eesave=aenable,bod=1v8,neopixelport=portb,millis=enabled,pinmapping=new	1.6.13	3682	151	0	false	0	0		0	
2021-02-04 11:29:35	521	521.74	https://travis-ci.org/SpenceKonde/ATTinyCore/jobs/757511015	push		false	master	2a72f6e53e98eafc92095c0c121c18944ea12fcd	f108b86434ed...2a72f6e53e98	ignore word path	/home/travis/Arduino/hardware/ATTinyCore/avr/libraries/Wire/examples/master_writer/master_writer.ino	ATTinyCore:avr:attinyx7:LTO=disable,chip=167,clock=14external,eesave=aenable,bod=1v8,neopixelport=portb,millis=enabled,pinmapping=new	1.6.13	2032	67	0	false	0	0		0	
2021-02-04 11:29:39	521	521.74	https://travis-ci.org/SpenceKonde/ATTinyCore/jobs/757511015	push		false	master	2a72f6e53e98eafc92095c0c121c18944ea12fcd	f108b86434ed...2a72f6e53e98	ignore word path	/home/travis/Arduino/hardware/ATTinyCore/avr/libraries/Wire/examples/digital_potentiometer/digital_potentiometer.ino	ATTinyCore:avr:attinyx7:LTO=disable,chip=167,clock=14external,eesave=aenable,bod=1v8,neopixelport=portb,millis=enabled,pinmapping=new	1.6.13	1932	61	0	false	0	0		0	
2021-02-04 11:29:43	521	521.74	https://travis-ci.org/SpenceKonde/ATTinyCore/jobs/757511015	push		false	master	2a72f6e53e98eafc92095c0c121c18944ea12fcd	f108b86434ed...2a72f6e53e98	ignore word path	/home/travis/Arduino/hardware/ATTinyCore/avr/libraries/Wire/examples/slave_receiver/slave_receiver.ino	ATTinyCore:avr:attinyx7:LTO=disable,chip=167,clock=14external,eesave=aenable,bod=1v8,neopixelport=portb,millis=enabled,pinmapping=new	1.6.13	2778	147	1	false	0	0		0	
2021-02-04 11:29:47	521	521.74	https://travis-ci.org/SpenceKonde/ATTinyCore/jobs/757511015	push		false	master	2a72f6e53e98eafc92095c0c121c18944ea12fcd	f108b86434ed...2a72f6e53e98	ignore word path	/home/travis/Arduino/hardware/ATTinyCore/avr/libraries/Wire/examples/master_reader/master_reader.ino	ATTinyCore:avr:attinyx7:LTO=disable,chip=167,clock=14external,eesave=aenable,bod=1v8,neopixelport=portb,millis=enabled,pinmapping=new	1.6.13	3078	149	0	false	0	0		0	
2021-02-04 11:29:52	521	521.74	https://travis-ci.org/SpenceKonde/ATTinyCore/jobs/757511015	push		false	master	2a72f6e53e98eafc92095c0c121c18944ea12fcd	f108b86434ed...2a72f6e53e98	ignore word path	/home/travis/Arduino/hardware/ATTinyCore/avr/libraries/Wire/examples/slave_sender/slave_sender.ino	ATTinyCore:avr:attinyx7:LTO=disable,chip=167,clock=14external,eesave=aenable,bod=1v8,neopixelport=portb,millis=enabled,pinmapping=new	1.6.13	1562	66	0	false	0	0		0	
2021-02-04 11:29:56	521	521.74	https://travis-ci.org/SpenceKonde/ATTinyCore/jobs/757511015	push		false	master	2a72f6e53e98eafc92095c0c121c18944ea12fcd	f108b86434ed...2a72f6e53e98	ignore word path	/home/travis/Arduino/hardware/ATTinyCore/avr/libraries/Servo_ATTinyCore/examples/Knob/Knob.ino	ATTinyCore:avr:attinyx7:LTO=disable,chip=167,clock=14external,eesave=aenable,bod=1v8,neopixelport=portb,millis=enabled,pinmapping=new	1.6.13	2828	60	2	false	0	0		0	
2021-02-04 11:30:00	521	521.74	https://travis-ci.org/SpenceKonde/ATTinyCore/jobs/757511015	push		false	master	2a72f6e53e98eafc92095c0c121c18944ea12fcd	f108b86434ed...2a72f6e53e98	ignore word path	/home/travis/Arduino/hardware/ATTinyCore/avr/libraries/Servo_ATTinyCore/examples/Sweep/Sweep.ino	ATTinyCore:avr:attinyx7:LTO=disable,chip=167,clock=14external,eesave=aenable,bod=1v8,neopixelport=portb,millis=enabled,pinmapping=new	1.6.13	2766	57	2	false	0	0		0	
2021-02-04 11:30:04	521	521.74	https://travis-ci.org/SpenceKonde/ATTinyCore/jobs/757511015	push		false	master	2a72f6e53e98eafc92095c0c121c18944ea12fcd	f108b86434ed...2a72f6e53e98	ignore word path	/home/travis/Arduino/hardware/ATTinyCore/avr/libraries/SoftwareSerial/examples/SoftwareSerialExample/SoftwareSerialExample.ino	ATTinyCore:avr:attinyx7:LTO=disable,chip=167,clock=14external,eesave=aenable,bod=1v8,neopixelport=portb,millis=enabled,pinmapping=new	1.8.6	3156	238	4	false	0	0		0	
2021-02-04 11:30:06	521	521.74	https://travis-ci.org/SpenceKonde/ATTinyCore/jobs/757511015	push		false	master	2a72f6e53e98eafc92095c0c121c18944ea12fcd	f108b86434ed...2a72f6e53e98	ignore word path	/home/travis/Arduino/hardware/ATTinyCore/avr/libraries/SoftwareSerial/examples/TwoPortReceive/TwoPortReceive.ino	ATTinyCore:avr:attinyx7:LTO=disable,chip=167,clock=14external,eesave=aenable,bod=1v8,neopixelport=portb,millis=enabled,pinmapping=new	1.8.6	3242	279	4	false	0	0		0	
2021-02-04 11:30:09	521	521.74	https://travis-ci.org/SpenceKonde/ATTinyCore/jobs/757511015	push		false	master	2a72f6e53e98eafc92095c0c121c18944ea12fcd	f108b86434ed...2a72f6e53e98	ignore word path	/home/travis/Arduino/hardware/ATTinyCore/avr/libraries/tinyNeoPixel/examples/strandtest/strandtest.ino	ATTinyCore:avr:attinyx7:LTO=disable,chip=167,clock=14external,eesave=aenable,bod=1v8,neopixelport=portb,millis=enabled,pinmapping=new	1.8.6	3726	40	0	false	0	0		0	
2021-02-04 11:30:12	521	521.74	https://travis-ci.org/SpenceKonde/ATTinyCore/jobs/757511015	push		false	master	2a72f6e53e98eafc92095c0c121c18944ea12fcd	f108b86434ed...2a72f6e53e98	ignore word path	/home/travis/Arduino/hardware/ATTinyCore/avr/libraries/tinyNeoPixel/examples/buttoncycler/buttoncycler.ino	ATTinyCore:avr:attinyx7:LTO=disable,chip=167,clock=14external,eesave=aenable,bod=1v8,neopixelport=portb,millis=enabled,pinmapping=new	1.8.6	2686	42	0	false	0	0		0	
2021-02-04 11:30:14	521	521.74	https://travis-ci.org/SpenceKonde/ATTinyCore/jobs/757511015	push		false	master	2a72f6e53e98eafc92095c0c121c18944ea12fcd	f108b86434ed...2a72f6e53e98	ignore word path	/home/travis/Arduino/hardware/ATTinyCore/avr/libraries/tinyNeoPixel/examples/RGBWstrandtest/RGBWstrandtest.ino	ATTinyCore:avr:attinyx7:LTO=disable,chip=167,clock=14external,eesave=aenable,bod=1v8,neopixelport=portb,millis=enabled,pinmapping=new	1.8.6	6576	383	6	false	0	0		0	
2021-02-04 11:30:17	521	521.74	https://travis-ci.org/SpenceKonde/ATTinyCore/jobs/757511015	push		false	master	2a72f6e53e98eafc92095c0c121c18944ea12fcd	f108b86434ed...2a72f6e53e98	ignore word path	/home/travis/Arduino/hardware/ATTinyCore/avr/libraries/tinyNeoPixel/examples/simple/simple.ino	ATTinyCore:avr:attinyx7:LTO=disable,chip=167,clock=14external,eesave=aenable,bod=1v8,neopixelport=portb,millis=enabled,pinmapping=new	1.8.6	2686	42	0	false	0	0		0	
2021-02-04 11:30:19	521	521.74	https://travis-ci.org/SpenceKonde/ATTinyCore/jobs/757511015	push		false	master	2a72f6e53e98eafc92095c0c121c18944ea12fcd	f108b86434ed...2a72f6e53e98	ignore word path	/home/travis/Arduino/hardware/ATTinyCore/avr/libraries/Servo/examples/Knob/Knob.ino	ATTinyCore:avr:attinyx7:LTO=disable,chip=167,clock=14external,eesave=aenable,bod=1v8,neopixelport=portb,millis=enabled,pinmapping=new	1.8.6	2594	56	2	false	0	0		0	
2021-02-04 11:30:22	521	521.74	https://travis-ci.org/SpenceKonde/ATTinyCore/jobs/757511015	push		false	master	2a72f6e53e98eafc92095c0c121c18944ea12fcd	f108b86434ed...2a72f6e53e98	ignore word path	/home/travis/Arduino/hardware/ATTinyCore/avr/libraries/Servo/examples/Sweep/Sweep.ino	ATTinyCore:avr:attinyx7:LTO=disable,chip=167,clock=14external,eesave=aenable,bod=1v8,neopixelport=portb,millis=enabled,pinmapping=new	1.8.6	2532	53	2	false	0	0		0	
2021-02-04 11:30:24	521	521.74	https://travis-ci.org/SpenceKonde/ATTinyCore/jobs/757511015	push		false	master	2a72f6e53e98eafc92095c0c121c18944ea12fcd	f108b86434ed...2a72f6e53e98	ignore word path	/home/travis/Arduino/hardware/ATTinyCore/avr/libraries/EEPROM/examples/eeprom_get/eeprom_get.ino	ATTinyCore:avr:attinyx7:LTO=disable,chip=167,clock=14external,eesave=aenable,bod=1v8,neopixelport=portb,millis=enabled,pinmapping=new	1.8.6	3582	153	0	false	0	0		0	
2021-02-04 11:30:27	521	521.74	https://travis-ci.org/SpenceKonde/ATTinyCore/jobs/757511015	push		false	master	2a72f6e53e98eafc92095c0c121c18944ea12fcd	f108b86434ed...2a72f6e53e98	ignore word path	/home/travis/Arduino/hardware/ATTinyCore/avr/libraries/EEPROM/examples/eeprom_crc/eeprom_crc.ino	ATTinyCore:avr:attinyx7:LTO=disable,chip=167,clock=14external,eesave=aenable,bod=1v8,neopixelport=portb,millis=enabled,pinmapping=new	1.8.6	2100	207	1	false	0	0		0	
2021-02-04 11:30:29	521	521.74	https://travis-ci.org/SpenceKonde/ATTinyCore/jobs/757511015	push		false	master	2a72f6e53e98eafc92095c0c121c18944ea12fcd	f108b86434ed...2a72f6e53e98	ignore word path	/home/travis/Arduino/hardware/ATTinyCore/avr/libraries/EEPROM/examples/eeprom_read/eeprom_read.ino	ATTinyCore:avr:attinyx7:LTO=disable,chip=167,clock=14external,eesave=aenable,bod=1v8,neopixelport=portb,millis=enabled,pinmapping=new	1.8.6	2056	98	1	false	0	0		0	
2021-02-04 11:30:32	521	521.74	https://travis-ci.org/SpenceKonde/ATTinyCore/jobs/757511015	push		false	master	2a72f6e53e98eafc92095c0c121c18944ea12fcd	f108b86434ed...2a72f6e53e98	ignore word path	/home/travis/Arduino/hardware/ATTinyCore/avr/libraries/EEPROM/examples/eeprom_clear/eeprom_clear.ino	ATTinyCore:avr:attinyx7:LTO=disable,chip=167,clock=14external,eesave=aenable,bod=1v8,neopixelport=portb,millis=enabled,pinmapping=new	1.8.6	758	10	1	false	0	0		0	
2021-02-04 11:30:34	521	521.74	https://travis-ci.org/SpenceKonde/ATTinyCore/jobs/757511015	push		false	master	2a72f6e53e98eafc92095c0c121c18944ea12fcd	f108b86434ed...2a72f6e53e98	ignore word path	/home/travis/Arduino/hardware/ATTinyCore/avr/libraries/EEPROM/examples/eeprom_write/eeprom_write.ino	ATTinyCore:avr:attinyx7:LTO=disable,chip=167,clock=14external,eesave=aenable,bod=1v8,neopixelport=portb,millis=enabled,pinmapping=new	1.8.6	736	13	0	false	0	0		0	
2021-02-04 11:30:37	521	521.74	https://travis-ci.org/SpenceKonde/ATTinyCore/jobs/757511015	push		false	master	2a72f6e53e98eafc92095c0c121c18944ea12fcd	f108b86434ed...2a72f6e53e98	ignore word path	/home/travis/Arduino/hardware/ATTinyCore/avr/libraries/EEPROM/examples/eeprom_iteration/eeprom_iteration.ino	ATTinyCore:avr:attinyx7:LTO=disable,chip=167,clock=14external,eesave=aenable,bod=1v8,neopixelport=portb,millis=enabled,pinmapping=new	1.8.6	564	10	3	false	0	0		0	
2021-02-04 11:30:39	521	521.74	https://travis-ci.org/SpenceKonde/ATTinyCore/jobs/757511015	push		false	master	2a72f6e53e98eafc92095c0c121c18944ea12fcd	f108b86434ed...2a72f6e53e98	ignore word path	/home/travis/Arduino/hardware/ATTinyCore/avr/libraries/EEPROM/examples/eeprom_update/eeprom_update.ino	ATTinyCore:avr:attinyx7:LTO=disable,chip=167,clock=14external,eesave=aenable,bod=1v8,neopixelport=portb,millis=enabled,pinmapping=new	1.8.6	786	13	1	false	0	0		0	
2021-02-04 11:30:42	521	521.74	https://travis-ci.org/SpenceKonde/ATTinyCore/jobs/757511015	push		false	master	2a72f6e53e98eafc92095c0c121c18944ea12fcd	f108b86434ed...2a72f6e53e98	ignore word path	/home/travis/Arduino/hardware/ATTinyCore/avr/libraries/EEPROM/examples/eeprom_put/eeprom_put.ino	ATTinyCore:avr:attinyx7:LTO=disable,chip=167,clock=14external,eesave=aenable,bod=1v8,neopixelport=portb,millis=enabled,pinmapping=new	1.8.6	1750	237	0	false	0	0		0	
2021-02-04 11:30:44	521	521.74	https://travis-ci.org/SpenceKonde/ATTinyCore/jobs/757511015	push		false	master	2a72f6e53e98eafc92095c0c121c18944ea12fcd	f108b86434ed...2a72f6e53e98	ignore word path	/home/travis/Arduino/hardware/ATTinyCore/avr/libraries/ATTinyCore/examples/TemperatureRead/TemperatureRead.ino	ATTinyCore:avr:attinyx7:LTO=disable,chip=167,clock=14external,eesave=aenable,bod=1v8,neopixelport=portb,millis=enabled,pinmapping=new	1.8.6	2016	100	0	false	0	0		0	
2021-02-04 11:30:47	521	521.74	https://travis-ci.org/SpenceKonde/ATTinyCore/jobs/757511015	push		false	master	2a72f6e53e98eafc92095c0c121c18944ea12fcd	f108b86434ed...2a72f6e53e98	ignore word path	/home/travis/Arduino/hardware/ATTinyCore/avr/libraries/tinyNeoPixel_Static/examples/strandtest/strandtest.ino	ATTinyCore:avr:attinyx7:LTO=disable,chip=167,clock=14external,eesave=aenable,bod=1v8,neopixelport=portb,millis=enabled,pinmapping=new	1.8.6	2758	210	5	false	0	0		0	
2021-02-04 11:30:49	521	521.74	https://travis-ci.org/SpenceKonde/ATTinyCore/jobs/757511015	push		false	master	2a72f6e53e98eafc92095c0c121c18944ea12fcd	f108b86434ed...2a72f6e53e98	ignore word path	/home/travis/Arduino/hardware/ATTinyCore/avr/libraries/tinyNeoPixel_Static/examples/buttoncycler/buttoncycler.ino	ATTinyCore:avr:attinyx7:LTO=disable,chip=167,clock=14external,eesave=aenable,bod=1v8,neopixelport=portb,millis=enabled,pinmapping=new	1.8.6	3016	82	5	false	0	0		0	
2021-02-04 11:30:52	521	521.74	https://travis-ci.org/SpenceKonde/ATTinyCore/jobs/757511015	push		false	master	2a72f6e53e98eafc92095c0c121c18944ea12fcd	f108b86434ed...2a72f6e53e98	ignore word path	/home/travis/Arduino/hardware/ATTinyCore/avr/libraries/tinyNeoPixel_Static/examples/simple/simple.ino	ATTinyCore:avr:attinyx7:LTO=disable,chip=167,clock=14external,eesave=aenable,bod=1v8,neopixelport=portb,millis=enabled,pinmapping=new	1.8.6	1750	80	1	false	0	0		0	
2021-02-04 11:30:54	521	521.74	https://travis-ci.org/SpenceKonde/ATTinyCore/jobs/757511015	push		false	master	2a72f6e53e98eafc92095c0c121c18944ea12fcd	f108b86434ed...2a72f6e53e98	ignore word path	/home/travis/Arduino/hardware/ATTinyCore/avr/libraries/SPI/examples/BarometricPressureSensor/BarometricPressureSensor.ino	ATTinyCore:avr:attinyx7:LTO=disable,chip=167,clock=14external,eesave=aenable,bod=1v8,neopixelport=portb,millis=enabled,pinmapping=new	1.8.6	6364	134	1	false	0	0		0	
2021-02-04 11:30:57	521	521.74	https://travis-ci.org/SpenceKonde/ATTinyCore/jobs/757511015	push		false	master	2a72f6e53e98eafc92095c0c121c18944ea12fcd	f108b86434ed...2a72f6e53e98	ignore word path	/home/travis/Arduino/hardware/ATTinyCore/avr/libraries/SPI/examples/DigitalPotControl/DigitalPotControl.ino	ATTinyCore:avr:attinyx7:LTO=disable,chip=167,clock=14external,eesave=aenable,bod=1v8,neopixelport=portb,millis=enabled,pinmapping=new	1.8.6	1186	11	0	false	0	0		0	
2021-02-04 11:30:59	521	521.74	https://travis-ci.org/SpenceKonde/ATTinyCore/jobs/757511015	push		false	master	2a72f6e53e98eafc92095c0c121c18944ea12fcd	f108b86434ed...2a72f6e53e98	ignore word path	/home/travis/Arduino/hardware/ATTinyCore/avr/libraries/Wire/examples/SFRRanger_reader/SFRRanger_reader.ino	ATTinyCore:avr:attinyx7:LTO=disable,chip=167,clock=14external,eesave=aenable,bod=1v8,neopixelport=portb,millis=enabled,pinmapping=new	1.8.6	3680	145	0	false	0	0		0	
2021-02-04 11:31:02	521	521.74	https://travis-ci.org/SpenceKonde/ATTinyCore/jobs/757511015	push		false	master	2a72f6e53e98eafc92095c0c121c18944ea12fcd	f108b86434ed...2a72f6e53e98	ignore word path	/home/travis/Arduino/hardware/ATTinyCore/avr/libraries/Wire/examples/master_writer/master_writer.ino	ATTinyCore:avr:attinyx7:LTO=disable,chip=167,clock=14external,eesave=aenable,bod=1v8,neopixelport=portb,millis=enabled,pinmapping=new	1.8.6	2032	67	0	false	0	0		0	
2021-02-04 11:31:04	521	521.74	https://travis-ci.org/SpenceKonde/ATTinyCore/jobs/757511015	push		false	master	2a72f6e53e98eafc92095c0c121c18944ea12fcd	f108b86434ed...2a72f6e53e98	ignore word path	/home/travis/Arduino/hardware/ATTinyCore/avr/libraries/Wire/examples/digital_potentiometer/digital_potentiometer.ino	ATTinyCore:avr:attinyx7:LTO=disable,chip=167,clock=14external,eesave=aenable,bod=1v8,neopixelport=portb,millis=enabled,pinmapping=new	1.8.6	1932	61	0	false	0	0		0	
2021-02-04 11:31:07	521	521.74	https://travis-ci.org/SpenceKonde/ATTinyCore/jobs/757511015	push		false	master	2a72f6e53e98eafc92095c0c121c18944ea12fcd	f108b86434ed...2a72f6e53e98	ignore word path	/home/travis/Arduino/hardware/ATTinyCore/avr/libraries/Wire/examples/slave_receiver/slave_receiver.ino	ATTinyCore:avr:attinyx7:LTO=disable,chip=167,clock=14external,eesave=aenable,bod=1v8,neopixelport=portb,millis=enabled,pinmapping=new	1.8.6	2762	141	1	false	0	0		0	
2021-02-04 11:31:10	521	521.74	https://travis-ci.org/SpenceKonde/ATTinyCore/jobs/757511015	push		false	master	2a72f6e53e98eafc92095c0c121c18944ea12fcd	f108b86434ed...2a72f6e53e98	ignore word path	/home/travis/Arduino/hardware/ATTinyCore/avr/libraries/Wire/examples/master_reader/master_reader.ino	ATTinyCore:avr:attinyx7:LTO=disable,chip=167,clock=14external,eesave=aenable,bod=1v8,neopixelport=portb,millis=enabled,pinmapping=new	1.8.6	3072	143	0	false	0	0		0	
2021-02-04 11:31:12	521	521.74	https://travis-ci.org/SpenceKonde/ATTinyCore/jobs/757511015	push		false	master	2a72f6e53e98eafc92095c0c121c18944ea12fcd	f108b86434ed...2a72f6e53e98	ignore word path	/home/travis/Arduino/hardware/ATTinyCore/avr/libraries/Wire/examples/slave_sender/slave_sender.ino	ATTinyCore:avr:attinyx7:LTO=disable,chip=167,clock=14external,eesave=aenable,bod=1v8,neopixelport=portb,millis=enabled,pinmapping=new	1.8.6	1548	66	0	false	0	0		0	
2021-02-04 11:31:15	521	521.74	https://travis-ci.org/SpenceKonde/ATTinyCore/jobs/757511015	push		false	master	2a72f6e53e98eafc92095c0c121c18944ea12fcd	f108b86434ed...2a72f6e53e98	ignore word path	/home/travis/Arduino/hardware/ATTinyCore/avr/libraries/Servo_ATTinyCore/examples/Knob/Knob.ino	ATTinyCore:avr:attinyx7:LTO=disable,chip=167,clock=14external,eesave=aenable,bod=1v8,neopixelport=portb,millis=enabled,pinmapping=new	1.8.6	2594	56	2	false	0	0		0	
2021-02-04 11:31:17	521	521.74	https://travis-ci.org/SpenceKonde/ATTinyCore/jobs/757511015	push		false	master	2a72f6e53e98eafc92095c0c121c18944ea12fcd	f108b86434ed...2a72f6e53e98	ignore word path	/home/travis/Arduino/hardware/ATTinyCore/avr/libraries/Servo_ATTinyCore/examples/Sweep/Sweep.ino	ATTinyCore:avr:attinyx7:LTO=disable,chip=167,clock=14external,eesave=aenable,bod=1v8,neopixelport=portb,millis=enabled,pinmapping=new	1.8.6	2532	53	2	false	0	0		0	
2021-02-04 11:31:23	521	521.74	https://travis-ci.org/SpenceKonde/ATTinyCore/jobs/757511015	push		false	master	2a72f6e53e98eafc92095c0c121c18944ea12fcd	f108b86434ed...2a72f6e53e98	ignore word path	/home/travis/Arduino/hardware/ATTinyCore/avr/libraries/SoftwareSerial/examples/SoftwareSerialExample/SoftwareSerialExample.ino	ATTinyCore:avr:attinyx7:LTO=disable,chip=167,clock=14external,eesave=aenable,bod=1v8,neopixelport=portb,millis=enabled,pinmapping=new	1.8.13	3150	238	4	false	0	0		0	
2021-02-04 11:31:26	521	521.74	https://travis-ci.org/SpenceKonde/ATTinyCore/jobs/757511015	push		false	master	2a72f6e53e98eafc92095c0c121c18944ea12fcd	f108b86434ed...2a72f6e53e98	ignore word path	/home/travis/Arduino/hardware/ATTinyCore/avr/libraries/SoftwareSerial/examples/TwoPortReceive/TwoPortReceive.ino	ATTinyCore:avr:attinyx7:LTO=disable,chip=167,clock=14external,eesave=aenable,bod=1v8,neopixelport=portb,millis=enabled,pinmapping=new	1.8.13	3236	279	4	false	0	0		0	
2021-02-04 11:31:29	521	521.74	https://travis-ci.org/SpenceKonde/ATTinyCore/jobs/757511015	push		false	master	2a72f6e53e98eafc92095c0c121c18944ea12fcd	f108b86434ed...2a72f6e53e98	ignore word path	/home/travis/Arduino/hardware/ATTinyCore/avr/libraries/tinyNeoPixel/examples/strandtest/strandtest.ino	ATTinyCore:avr:attinyx7:LTO=disable,chip=167,clock=14external,eesave=aenable,bod=1v8,neopixelport=portb,millis=enabled,pinmapping=new	1.8.13	3644	40	0	false	0	0		0	
2021-02-04 11:31:32	521	521.74	https://travis-ci.org/SpenceKonde/ATTinyCore/jobs/757511015	push		false	master	2a72f6e53e98eafc92095c0c121c18944ea12fcd	f108b86434ed...2a72f6e53e98	ignore word path	/home/travis/Arduino/hardware/ATTinyCore/avr/libraries/tinyNeoPixel/examples/buttoncycler/buttoncycler.ino	ATTinyCore:avr:attinyx7:LTO=disable,chip=167,clock=14external,eesave=aenable,bod=1v8,neopixelport=portb,millis=enabled,pinmapping=new	1.8.13	2664	42	0	false	0	0		0	
2021-02-04 11:31:35	521	521.74	https://travis-ci.org/SpenceKonde/ATTinyCore/jobs/757511015	push		false	master	2a72f6e53e98eafc92095c0c121c18944ea12fcd	f108b86434ed...2a72f6e53e98	ignore word path	/home/travis/Arduino/hardware/ATTinyCore/avr/libraries/tinyNeoPixel/examples/RGBWstrandtest/RGBWstrandtest.ino	ATTinyCore:avr:attinyx7:LTO=disable,chip=167,clock=14external,eesave=aenable,bod=1v8,neopixelport=portb,millis=enabled,pinmapping=new	1.8.13	6466	383	6	false	0	0		0	
2021-02-04 11:31:38	521	521.74	https://travis-ci.org/SpenceKonde/ATTinyCore/jobs/757511015	push		false	master	2a72f6e53e98eafc92095c0c121c18944ea12fcd	f108b86434ed...2a72f6e53e98	ignore word path	/home/travis/Arduino/hardware/ATTinyCore/avr/libraries/tinyNeoPixel/examples/simple/simple.ino	ATTinyCore:avr:attinyx7:LTO=disable,chip=167,clock=14external,eesave=aenable,bod=1v8,neopixelport=portb,millis=enabled,pinmapping=new	1.8.13	2664	42	0	false	0	0		0	
2021-02-04 11:31:41	521	521.74	https://travis-ci.org/SpenceKonde/ATTinyCore/jobs/757511015	push		false	master	2a72f6e53e98eafc92095c0c121c18944ea12fcd	f108b86434ed...2a72f6e53e98	ignore word path	/home/travis/Arduino/hardware/ATTinyCore/avr/libraries/Servo/examples/Knob/Knob.ino	ATTinyCore:avr:attinyx7:LTO=disable,chip=167,clock=14external,eesave=aenable,bod=1v8,neopixelport=portb,millis=enabled,pinmapping=new	1.8.13	2570	56	2	false	0	0		0	
2021-02-04 11:31:44	521	521.74	https://travis-ci.org/SpenceKonde/ATTinyCore/jobs/757511015	push		false	master	2a72f6e53e98eafc92095c0c121c18944ea12fcd	f108b86434ed...2a72f6e53e98	ignore word path	/home/travis/Arduino/hardware/ATTinyCore/avr/libraries/Servo/examples/Sweep/Sweep.ino	ATTinyCore:avr:attinyx7:LTO=disable,chip=167,clock=14external,eesave=aenable,bod=1v8,neopixelport=portb,millis=enabled,pinmapping=new	1.8.13	2512	53	2	false	0	0		0	
2021-02-04 11:31:47	521	521.74	https://travis-ci.org/SpenceKonde/ATTinyCore/jobs/757511015	push		false	master	2a72f6e53e98eafc92095c0c121c18944ea12fcd	f108b86434ed...2a72f6e53e98	ignore word path	/home/travis/Arduino/hardware/ATTinyCore/avr/libraries/EEPROM/examples/eeprom_get/eeprom_get.ino	ATTinyCore:avr:attinyx7:LTO=disable,chip=167,clock=14external,eesave=aenable,bod=1v8,neopixelport=portb,millis=enabled,pinmapping=new	1.8.13	3546	153	0	false	0	0		0	
2021-02-04 11:31:50	521	521.74	https://travis-ci.org/SpenceKonde/ATTinyCore/jobs/757511015	push		false	master	2a72f6e53e98eafc92095c0c121c18944ea12fcd	f108b86434ed...2a72f6e53e98	ignore word path	/home/travis/Arduino/hardware/ATTinyCore/avr/libraries/EEPROM/examples/eeprom_crc/eeprom_crc.ino	ATTinyCore:avr:attinyx7:LTO=disable,chip=167,clock=14external,eesave=aenable,bod=1v8,neopixelport=portb,millis=enabled,pinmapping=new	1.8.13	2086	207	1	false	0	0		0	
2021-02-04 11:31:53	521	521.74	https://travis-ci.org/SpenceKonde/ATTinyCore/jobs/757511015	push		false	master	2a72f6e53e98eafc92095c0c121c18944ea12fcd	f108b86434ed...2a72f6e53e98	ignore word path	/home/travis/Arduino/hardware/ATTinyCore/avr/libraries/EEPROM/examples/eeprom_read/eeprom_read.ino	ATTinyCore:avr:attinyx7:LTO=disable,chip=167,clock=14external,eesave=aenable,bod=1v8,neopixelport=portb,millis=enabled,pinmapping=new	1.8.13	2038	98	1	false	0	0		0	
2021-02-04 11:31:55	521	521.74	https://travis-ci.org/SpenceKonde/ATTinyCore/jobs/757511015	push		false	master	2a72f6e53e98eafc92095c0c121c18944ea12fcd	f108b86434ed...2a72f6e53e98	ignore word path	/home/travis/Arduino/hardware/ATTinyCore/avr/libraries/EEPROM/examples/eeprom_clear/eeprom_clear.ino	ATTinyCore:avr:attinyx7:LTO=disable,chip=167,clock=14external,eesave=aenable,bod=1v8,neopixelport=portb,millis=enabled,pinmapping=new	1.8.13	748	10	1	false	0	0		0	
2021-02-04 11:31:58	521	521.74	https://travis-ci.org/SpenceKonde/ATTinyCore/jobs/757511015	push		false	master	2a72f6e53e98eafc92095c0c121c18944ea12fcd	f108b86434ed...2a72f6e53e98	ignore word path	/home/travis/Arduino/hardware/ATTinyCore/avr/libraries/EEPROM/examples/eeprom_write/eeprom_write.ino	ATTinyCore:avr:attinyx7:LTO=disable,chip=167,clock=14external,eesave=aenable,bod=1v8,neopixelport=portb,millis=enabled,pinmapping=new	1.8.13	732	13	0	false	0	0		0	
2021-02-04 11:32:01	521	521.74	https://travis-ci.org/SpenceKonde/ATTinyCore/jobs/757511015	push		false	master	2a72f6e53e98eafc92095c0c121c18944ea12fcd	f108b86434ed...2a72f6e53e98	ignore word path	/home/travis/Arduino/hardware/ATTinyCore/avr/libraries/EEPROM/examples/eeprom_iteration/eeprom_iteration.ino	ATTinyCore:avr:attinyx7:LTO=disable,chip=167,clock=14external,eesave=aenable,bod=1v8,neopixelport=portb,millis=enabled,pinmapping=new	1.8.13	564	10	3	false	0	0		0	
2021-02-04 11:32:04	521	521.74	https://travis-ci.org/SpenceKonde/ATTinyCore/jobs/757511015	push		false	master	2a72f6e53e98eafc92095c0c121c18944ea12fcd	f108b86434ed...2a72f6e53e98	ignore word path	/home/travis/Arduino/hardware/ATTinyCore/avr/libraries/EEPROM/examples/eeprom_update/eeprom_update.ino	ATTinyCore:avr:attinyx7:LTO=disable,chip=167,clock=14external,eesave=aenable,bod=1v8,neopixelport=portb,millis=enabled,pinmapping=new	1.8.13	782	13	1	false	0	0		0	
2021-02-04 11:32:07	521	521.74	https://travis-ci.org/SpenceKonde/ATTinyCore/jobs/757511015	push		false	master	2a72f6e53e98eafc92095c0c121c18944ea12fcd	f108b86434ed...2a72f6e53e98	ignore word path	/home/travis/Arduino/hardware/ATTinyCore/avr/libraries/EEPROM/examples/eeprom_put/eeprom_put.ino	ATTinyCore:avr:attinyx7:LTO=disable,chip=167,clock=14external,eesave=aenable,bod=1v8,neopixelport=portb,millis=enabled,pinmapping=new	1.8.13	1738	237	0	false	0	0		0	
2021-02-04 11:32:09	521	521.74	https://travis-ci.org/SpenceKonde/ATTinyCore/jobs/757511015	push		false	master	2a72f6e53e98eafc92095c0c121c18944ea12fcd	f108b86434ed...2a72f6e53e98	ignore word path	/home/travis/Arduino/hardware/ATTinyCore/avr/libraries/ATTinyCore/examples/TemperatureRead/TemperatureRead.ino	ATTinyCore:avr:attinyx7:LTO=disable,chip=167,clock=14external,eesave=aenable,bod=1v8,neopixelport=portb,millis=enabled,pinmapping=new	1.8.13	1994	100	0	false	0	0		0	
2021-02-04 11:32:12	521	521.74	https://travis-ci.org/SpenceKonde/ATTinyCore/jobs/757511015	push		false	master	2a72f6e53e98eafc92095c0c121c18944ea12fcd	f108b86434ed...2a72f6e53e98	ignore word path	/home/travis/Arduino/hardware/ATTinyCore/avr/libraries/tinyNeoPixel_Static/examples/strandtest/strandtest.ino	ATTinyCore:avr:attinyx7:LTO=disable,chip=167,clock=14external,eesave=aenable,bod=1v8,neopixelport=portb,millis=enabled,pinmapping=new	1.8.13	2676	210	5	false	0	0		0	
2021-02-04 11:32:15	521	521.74	https://travis-ci.org/SpenceKonde/ATTinyCore/jobs/757511015	push		false	master	2a72f6e53e98eafc92095c0c121c18944ea12fcd	f108b86434ed...2a72f6e53e98	ignore word path	/home/travis/Arduino/hardware/ATTinyCore/avr/libraries/tinyNeoPixel_Static/examples/buttoncycler/buttoncycler.ino	ATTinyCore:avr:attinyx7:LTO=disable,chip=167,clock=14external,eesave=aenable,bod=1v8,neopixelport=portb,millis=enabled,pinmapping=new	1.8.13	2924	82	5	false	0	0		0	
2021-02-04 11:32:18	521	521.74	https://travis-ci.org/SpenceKonde/ATTinyCore/jobs/757511015	push		false	master	2a72f6e53e98eafc92095c0c121c18944ea12fcd	f108b86434ed...2a72f6e53e98	ignore word path	/home/travis/Arduino/hardware/ATTinyCore/avr/libraries/tinyNeoPixel_Static/examples/simple/simple.ino	ATTinyCore:avr:attinyx7:LTO=disable,chip=167,clock=14external,eesave=aenable,bod=1v8,neopixelport=portb,millis=enabled,pinmapping=new	1.8.13	1732	80	1	false	0	0		0	
2021-02-04 11:32:21	521	521.74	https://travis-ci.org/SpenceKonde/ATTinyCore/jobs/757511015	push		false	master	2a72f6e53e98eafc92095c0c121c18944ea12fcd	f108b86434ed...2a72f6e53e98	ignore word path	/home/travis/Arduino/hardware/ATTinyCore/avr/libraries/SPI/examples/BarometricPressureSensor/BarometricPressureSensor.ino	ATTinyCore:avr:attinyx7:LTO=disable,chip=167,clock=14external,eesave=aenable,bod=1v8,neopixelport=portb,millis=enabled,pinmapping=new	1.8.13	6294	134	1	false	0	0		0	
2021-02-04 11:32:24	521	521.74	https://travis-ci.org/SpenceKonde/ATTinyCore/jobs/757511015	push		false	master	2a72f6e53e98eafc92095c0c121c18944ea12fcd	f108b86434ed...2a72f6e53e98	ignore word path	/home/travis/Arduino/hardware/ATTinyCore/avr/libraries/SPI/examples/DigitalPotControl/DigitalPotControl.ino	ATTinyCore:avr:attinyx7:LTO=disable,chip=167,clock=14external,eesave=aenable,bod=1v8,neopixelport=portb,millis=enabled,pinmapping=new	1.8.13	1176	11	0	false	0	0		0	
2021-02-04 11:32:27	521	521.74	https://travis-ci.org/SpenceKonde/ATTinyCore/jobs/757511015	push		false	master	2a72f6e53e98eafc92095c0c121c18944ea12fcd	f108b86434ed...2a72f6e53e98	ignore word path	/home/travis/Arduino/hardware/ATTinyCore/avr/libraries/Wire/examples/SFRRanger_reader/SFRRanger_reader.ino	ATTinyCore:avr:attinyx7:LTO=disable,chip=167,clock=14external,eesave=aenable,bod=1v8,neopixelport=portb,millis=enabled,pinmapping=new	1.8.13	3666	145	0	false	0	0		0	
2021-02-04 11:32:30	521	521.74	https://travis-ci.org/SpenceKonde/ATTinyCore/jobs/757511015	push		false	master	2a72f6e53e98eafc92095c0c121c18944ea12fcd	f108b86434ed...2a72f6e53e98	ignore word path	/home/travis/Arduino/hardware/ATTinyCore/avr/libraries/Wire/examples/master_writer/master_writer.ino	ATTinyCore:avr:attinyx7:LTO=disable,chip=167,clock=14external,eesave=aenable,bod=1v8,neopixelport=portb,millis=enabled,pinmapping=new	1.8.13	2040	67	0	false	0	0		0	
2021-02-04 11:32:33	521	521.74	https://travis-ci.org/SpenceKonde/ATTinyCore/jobs/757511015	push		false	master	2a72f6e53e98eafc92095c0c121c18944ea12fcd	f108b86434ed...2a72f6e53e98	ignore word path	/home/travis/Arduino/hardware/ATTinyCore/avr/libraries/Wire/examples/digital_potentiometer/digital_potentiometer.ino	ATTinyCore:avr:attinyx7:LTO=disable,chip=167,clock=14external,eesave=aenable,bod=1v8,neopixelport=portb,millis=enabled,pinmapping=new	1.8.13	1940	61	0	false	0	0		0	
2021-02-04 11:32:36	521	521.74	https://travis-ci.org/SpenceKonde/ATTinyCore/jobs/757511015	push		false	master	2a72f6e53e98eafc92095c0c121c18944ea12fcd	f108b86434ed...2a72f6e53e98	ignore word path	/home/travis/Arduino/hardware/ATTinyCore/avr/libraries/Wire/examples/slave_receiver/slave_receiver.ino	ATTinyCore:avr:attinyx7:LTO=disable,chip=167,clock=14external,eesave=aenable,bod=1v8,neopixelport=portb,millis=enabled,pinmapping=new	1.8.13	2746	141	1	false	0	0		0	
2021-02-04 11:32:39	521	521.74	https://travis-ci.org/SpenceKonde/ATTinyCore/jobs/757511015	push		false	master	2a72f6e53e98eafc92095c0c121c18944ea12fcd	f108b86434ed...2a72f6e53e98	ignore word path	/home/travis/Arduino/hardware/ATTinyCore/avr/libraries/Wire/examples/master_reader/master_reader.ino	ATTinyCore:avr:attinyx7:LTO=disable,chip=167,clock=14external,eesave=aenable,bod=1v8,neopixelport=portb,millis=enabled,pinmapping=new	1.8.13	3064	143	0	false	0	0		0	
2021-02-04 11:32:42	521	521.74	https://travis-ci.org/SpenceKonde/ATTinyCore/jobs/757511015	push		false	master	2a72f6e53e98eafc92095c0c121c18944ea12fcd	f108b86434ed...2a72f6e53e98	ignore word path	/home/travis/Arduino/hardware/ATTinyCore/avr/libraries/Wire/examples/slave_sender/slave_sender.ino	ATTinyCore:avr:attinyx7:LTO=disable,chip=167,clock=14external,eesave=aenable,bod=1v8,neopixelport=portb,millis=enabled,pinmapping=new	1.8.13	1554	66	0	false	0	0		0	
2021-02-04 11:32:45	521	521.74	https://travis-ci.org/SpenceKonde/ATTinyCore/jobs/757511015	push		false	master	2a72f6e53e98eafc92095c0c121c18944ea12fcd	f108b86434ed...2a72f6e53e98	ignore word path	/home/travis/Arduino/hardware/ATTinyCore/avr/libraries/Servo_ATTinyCore/examples/Knob/Knob.ino	ATTinyCore:avr:attinyx7:LTO=disable,chip=167,clock=14external,eesave=aenable,bod=1v8,neopixelport=portb,millis=enabled,pinmapping=new	1.8.13	2570	56	2	false	0	0		0	
2021-02-04 11:32:48	521	521.74	https://travis-ci.org/SpenceKonde/ATTinyCore/jobs/757511015	push		false	master	2a72f6e53e98eafc92095c0c121c18944ea12fcd	f108b86434ed...2a72f6e53e98	ignore word path	/home/travis/Arduino/hardware/ATTinyCore/avr/libraries/Servo_ATTinyCore/examples/Sweep/Sweep.ino	ATTinyCore:avr:attinyx7:LTO=disable,chip=167,clock=14external,eesave=aenable,bod=1v8,neopixelport=portb,millis=enabled,pinmapping=new	1.8.13	2512	53	2	false	0	0		0	
